results/niche_models/brt_avg.asc
NCOLS 720 
NROWS 960 
XLLCORNER -60 
YLLCORNER -40 
CELLSIZE 0.0416666666666667 
NODATA_value -9999 
[rows 280 to 314 of 960, columns 395 to 473 of 720]
-9999 -9999 -9999 -9999 -9999 -9999 -9999 -9999 -9999 -9999 3.2 2.6 4.4 4.8 8.2 4 9.4 234.8 5.2 4.2 3.4 6.2 3.4 12.4 927.4 999.8 999.8 999.8 310.2 77 955.8 996.2 30.6 10.6 9 9.4 9 9.2 7.4 6.6 6 6 5.4 6 6 6 6.4 7.6 7.6 10.8 26 281 521.4 524 997 997 595 508.4 840.4 497.2 490.4 519 996.8 993.8 442 714 992.6 764.6 985.8 899.2 105.6 72.6 122 90 87.8 106 111.8 126.8 145.4
-9999 -9999 -9999 -9999 -9999 -9999 -9999 -9999 -9999 2.4 2.6 2.8 2.8 2.6 2.6 27 37.8 5.2 64 198.2 6.2 5.8 3.4 3.4 397.4 999.8 722.6 990.8 327.2 701.2 996.2 993.8 975 13.6 11.2 9.6 8.8 7.4 7.4 6.6 5.8 6 4.4 4.6 6 7.8 12.8 12.4 15.6 13 129 547 600.6 614.6 838 996.8 484.4 495.8 928.4 497.4 994.2 996 996.2 996 994.8 328.2 764.8 243 105.2 98.2 100.8 96 505.4 987.8 781.6 244 943.4 228.6 124
-9999 -9999 -9999 -9999 -9999 -9999 -9999 -9999 2.2 2.2 11.4 2.6 2.6 2.6 2.6 2.4 3 2.6 11 6 3.2 3 3.4 3.6 7 714.8 917 14.4 4.2 64 995.4 994.2 489 22 10.6 9 7.8 7.4 7.2 6.6 6.4 6.2 6 7.6 7.6 11.8 11.6 13.8 25.4 56.4 351.8 527.6 501 503 997 996.8 977.4 997.4 997.2 995.4 996.4 997.4 996.4 995.4 944.8 942.4 369.8 924.4 301.8 90 755.4 495.2 974.4 990 991.2 990.8 990.4 977.6 980.8
-9999 -9999 -9999 -9999 -9999 -9999 -9999 2.4 2.4 2.4 2.4 2.6 2.6 2.6 6.4 10.6 3.2 4.8 2.8 3.6 3.2 3.4 3.4 3.4 4 155 87.8 704.4 613.4 420.4 614.2 569.8 69.4 53.6 9.6 7.8 8.8 8.4 7.2 7.8 6.4 7 7.6 11.6 11.8 12.6 25.4 29.8 30.2 287.8 510.4 994.2 996.8 839.6 932.4 997.6 997.6 997.6 996.6 997 997.2 995.4 776.4 996 996 542.6 781 994.2 993.8 596.2 972.6 991.4 990.8 994.6 993.8 995.2 993.8 989.6 989.2
-9999 -9999 -9999 -9999 -9999 -9999 2.4 2.2 2.4 2.2 2.4 2.4 2.4 2.4 2.4 84.2 283.2 173.8 3.2 3.4 3.4 3.4 3.6 3.6 4 414.6 923 946.4 934 968.6 488.2 974 993.2 442.2 14.6 9 975.4 803.4 22.4 8 6.4 8.2 13.4 19.8 19.2 27.2 36.2 61.2 287.8 524.4 599.4 995.6 997.2 595 626.6 997.4 997.4 996.6 997.2 995.8 995.8 892.2 997.2 996.4 986 974 994.4 993.6 994 970.6 990.4 992.6 994.6 992.6 999.8 999.8 995.6 990.6 577
-9999 -9999 -9999 -9999 -9999 2.2 2 3 2.6 2.6 2.2 2.2 2 2.2 2.4 2.2 114.2 335.6 872.2 13.6 3.6 4 15.2 6.4 3.8 938.4 930 925.2 926 999.8 865.6 517.4 999.8 994.6 116.6 8.6 385.4 982.2 701.6 21.6 8.2 7.6 27.8 37 37.8 64 58.8 62.2 447.4 508.2 553.8 997.2 997.2 631.4 997.8 997.4 997.4 996.6 997 995.4 993.6 198.6 983.8 465 996.6 996 995.4 995.4 991.8 960.2 989.2 986.2 996.8 999.8 999.8 999.8 993.2 719 608.2
-9999 -9999 -9999 -9999 2.2 2.2 2.2 2.6 2.4 2.4 2.2 2 2 2.2 2.4 2.6 24.2 328.8 833.4 950.4 3.4 4.2 15.6 6.2 4.6 881 941.6 944.6 931.2 923.6 920.4 994 999.8 995 990.8 39 17.8 295.2 281.4 208.2 13 7.6 27.2 64.4 76.2 64.8 67.4 150.4 500.2 589.4 996.4 998 998 998 997.6 997.4 997.4 996.6 996.6 995.2 181.4 98.6 634 973.8 994 994.8 992.6 993 993.2 989.4 990.6 991.8 995.4 999.8 999.8 999.8 995.6 984.2 626.2
-9999 -9999 -9999 3.4 2.2 2.2 2.4 3 9.2 3.6 2 2 2 2.2 2 2.2 2.4 185.6 747.2 960 447.8 14.6 706.6 3.6 6.4 926.8 945.4 938.6 932 915.2 983.8 501 999.8 993.4 990.6 839.6 22.4 308 342 288 37.2 26 36.8 61.6 74.2 66.4 145.4 200.4 997.2 997.4 700.6 998.6 997.2 998.2 996.8 997.8 997.2 997.2 995.6 974.4 938.4 64.4 497.6 449.6 977.2 988.8 615.8 984.2 986 986.6 988.2 991.8 993.6 999.8 997 995.6 994.8 993 988
-9999 -9999 24.4 2.6 2.2 2.2 2.4 2.4 3.8 14.2 2.2 2.2 2.2 2.2 2.2 2.2 2 2.6 193.4 244.2 925.2 38 4 4.8 3.2 3.8 938 917.8 154 999.8 595.8 552 999.8 436.2 984.4 432.4 16.6 302.4 328.8 359.4 767.2 219.8 39.4 36.4 63.6 110.6 155.8 220.2 975.6 998 999.4 999.8 999.8 998.6 997.6 997.8 997 993.4 987.2 833.8 34.6 51.8 101.2 216.6 991.8 995.6 965.4 983.6 985 967.8 981.6 980.8 990.8 999.8 999.8 995.2 995.8 992 987.4
-9999 2.4 2.2 2.2 2.2 2.2 2.2 2.4 2.2 3.4 2.2 3.6 3.6 3.6 2.2 2.2 2 2.2 2.8 3.6 72 942.2 3.4 5.8 2.8 3.6 561.8 924.2 912.2 999.8 680.4 686.8 999 794.8 425.2 358 276.2 301.2 338.2 988.8 985.8 624.6 71.6 35.2 75.4 194.4 191 195.8 996.6 998.8 1000 1000 999.8 999.4 998.4 998.2 997.2 982.6 105.8 32.6 34.8 57.4 184.4 370.6 791 761 983.2 975.2 979.8 985.4 971.2 989.2 991.2 996.8 998.8 995.8 991 747.2 179.8
2.4 178.2 2.6 2.4 2.6 2.2 2.4 2.4 2.2 4.8 2.2 3.4 4 17.4 2.4 2.2 2.2 2.2 2.2 5.2 341.8 488.8 685.2 3.6 20.6 2.8 21.2 928 936.8 677.4 964.4 999.8 999.8 995.6 400.4 991.4 969.8 300.4 353.6 330 987.2 993.2 985.2 28.4 42.6 77.4 91.2 182 980.8 1000 1000 1000 1000 999.6 998.4 998 991 973.8 652.8 65.8 81.2 83.4 226.6 994.4 994.2 978 108.6 600.4 987.6 982.2 963.6 987 988.6 999.4 999.8 999.4 999.8 980.6 808.4
2.4 3.6 33.8 2.4 7.6 2.2 2.2 2.2 2.2 3.6 2.4 3.2 4 3.8 3.4 2.2 2 2.2 2.2 2.6 2.8 113 849.4 3.4 2.8 2.8 3.6 908 921.2 999.8 915.4 172.8 625 440.8 449 443.4 969.6 646.4 853.2 988.4 990.4 284.8 964.6 273 29.2 79.2 183.4 353.8 755 967 999.8 1000 1000 999.8 998.6 995.6 980.4 403.2 973.4 73.8 92.6 130.2 388.8 995 994.8 984 966.8 195 293.4 217.2 985 987.8 990 999.4 999.6 485.4 365 989.8 736.8
2.6 2.4 18.8 2.6 45.4 2.2 2.2 2.2 2.2 2 2.2 2.2 3.4 19.2 3.6 2.2 2.2 2 2.2 2.2 3.2 37.8 414.2 4 3 2.8 2.6 484.8 924.4 934.2 126.2 180 148.4 176.8 979.4 408.6 383 429.8 850.4 330 995 993.6 989.8 988.6 15.4 95.2 53.2 43.4 496.2 999.8 1000 1000 1000 999.8 997.8 997 977.4 98.8 748 100 107.8 201 481.4 995.2 993.8 977.6 585 121.6 103.2 640 971.6 988 981 378 997 941.6 999.8 990.4 905.2
2.6 2.4 2.6 3 4.6 2.2 2.2 2 2 2.2 2.2 2.2 3.4 3.6 3.4 2.2 2.2 2 2.2 2.2 2.2 2.6 146.8 3.6 2.6 2.6 2.8 6 380.2 166.8 143.2 149.2 155.4 158.2 525.6 414.8 428 337 765.6 340.8 458 908.4 993.8 365.6 51.4 54.8 17.2 19.4 322.6 1000 999.6 993.2 1000 1000 997.6 992.4 981.8 976.4 651 95.8 159.4 716.2 994.2 995.4 993.6 165 195.8 92 116.4 971.2 985.6 980 999.6 999.8 999.8 457.8 996.8 859.4 951.8
2.2 2.2 2.6 13.6 11.6 2 2 2.2 2.2 2.2 3.2 83 3.6 3.8 3.4 2.6 2.2 2.2 2.2 2.2 2.2 2.2 3.6 3 2.6 2.6 3 3 161 379.6 146.4 156.4 136.4 152.4 590 779.8 391.2 401.6 408.4 331.8 974 530 557.6 992.4 295 32.2 19.2 23.2 199.8 1000 1000 769.6 1000 1000 1000 997.6 996 794.8 107 90 115.8 259.6 995 996.2 995 989 754.2 189.4 964.8 989.6 986.2 633.2 396.6 334.6 331.8 310.6 291.6 254.8 148.2
2.2 2.4 3 27.4 17.4 2.4 2 2.2 2.2 2.6 20.6 3.4 4 5.2 8.8 3.4 2.2 2.2 2.2 2.2 2.2 2.2 2.4 2.6 2.6 2.6 2.6 2.8 164.6 161.2 165.4 156.4 132.6 525 998.4 496 970 379.6 700.2 373 385.2 407 411 345.6 97.8 22.2 10.6 17 908.4 879 843.2 858.4 1000 1000 1000 999.8 999.6 932.6 980.2 92.8 107 995.2 470.4 991.2 961.6 970.6 301.4 84.6 961.2 980.4 535.6 143.6 192.6 907.4 999.4 323.4 323 241.8 134.4
2.2 2.2 2.2 3.4 3.4 2 2.2 2.2 2.2 11.2 3.4 3.4 4 4.2 4.2 3.4 2.2 2.2 2.2 2.2 2.2 2.2 2.2 2.2 2.2 2.4 2.6 3 639.8 140.2 577.6 139.8 154.2 147 137.2 495 471.8 408.4 378.6 379.8 437 354.2 370.4 995.2 56 23.2 15.8 42.2 996 998.4 999.8 996.8 1000 1000 1000 1000 999.8 988 108.8 117.6 103.2 245 235.8 170.4 108 146.4 104 80.6 957.4 958.4 105.8 164.4 962.6 979.4 999.2 999 711.2 743.2 133.4
2.2 2.2 2.4 12.2 31 2.4 2 2 2 34.2 276.8 79.4 38.8 3.6 3.6 3.4 2.4 2.2 2.2 2.2 2.2 2.2 2.2 2.2 2.2 2.4 2.6 2.6 6.2 138.4 143.4 130.8 152 142 325 976.8 440.2 502.2 379 381.4 806.2 992.4 339.4 995 288.2 23.6 30.6 89.2 999.6 999.8 999.6 1000 1000 1000 999.8 999.8 999.8 999.8 673 110.4 107.6 220.6 799.8 838.4 127.6 124.6 967.8 122.6 949.6 271.6 46.8 78.2 982 986.8 987.4 988.6 985.2 890.4 129.2
2.2 2.2 2 2.4 33.4 2.4 2.2 2.2 2.2 91.8 226.2 10 5 5.4 23.2 3.8 3.4 2.6 2.4 2.2 2.2 2.2 2.2 2.2 2.2 2.6 2.8 2.8 4 4.6 96.4 156.2 157 141.4 138.4 653.8 412.4 414.6 371.4 994.2 693 457.2 258.6 992 995.8 60.4 57 726.2 860.4 1000 1000 1000 1000 1000 1000 1000 999.8 999.8 150 89 75 181.4 995.4 990.2 111.2 126.6 100 84.6 62.2 928.6 932.8 947 982.6 984.8 982.4 970.8 967.6 191.4 155
2.2 2.2 2.4 2 19.4 79.6 2 2.2 2.2 2.6 2.8 2.6 2.6 15 119.6 4.6 3.4 2.6 2.2 2.2 2.2 2.2 2.2 2.2 2.4 2.6 2.6 3 2.8 5 7.8 40.4 34 172.8 120 124.2 474 738.2 802.6 991.6 995 646.2 346.6 168.8 420.4 995.2 997.8 999.6 1000 1000 1000 1000 1000 1000 1000 1000 999.8 999.8 999.4 741 59.4 702.2 341.8 187.2 761.8 105.8 74.6 153.8 967.2 47.2 879.8 975 977.6 980.8 962.8 985 983 743.4 965.2
2.6 2.6 2.2 2.2 2 2.6 2.2 2.2 2.2 2.4 3 2.6 3.8 2.4 3.4 4.6 60.4 3.4 2.4 2.2 2.6 2.2 2.2 2.2 2.4 2.6 2.6 2.8 2.8 8.6 16.2 40.6 51.2 150 122.6 621 509.8 464.8 405 322.4 995 344 348 347.8 993.4 995.6 509.2 1000 917 849.6 879.8 1000 1000 1000 1000 1000 1000 999.8 999.2 184.2 58.4 129.6 992.4 556 83 88.8 704.8 680 976.2 976.8 957.8 979.8 961.8 958.6 976 610.2 980.8 262.2 165
2.2 2.2 2 2.2 2.2 2 2.2 2.2 2.2 2.6 2.4 2.4 2.6 2.2 5.6 264.8 288.4 3.4 2.6 2.2 2.2 2.2 2.2 2.2 2.2 2.6 2.6 2.6 2.8 19.4 118.4 113.2 132.8 129.4 349.8 919.6 907.6 512.8 381.6 325.6 363.8 338.8 364.8 343 344.8 887 996.4 999.8 1000 999.6 997.4 576.6 1000 1000 1000 1000 1000 346.2 904.6 172.6 107.8 666 252.2 982.4 156.2 957 975.6 974.8 965.2 978 954 957.4 954.8 959.6 982.8 508.8 980 158.8 138.2
2.2 2.2 2.2 2 2.2 2 2 2.2 2.2 2.2 2.2 2.4 2.4 2.2 2.2 218.2 268.2 11.6 2.8 2.2 2.2 2.2 2.2 2.4 2.6 2.6 2.6 2.6 3 760.4 920.2 116.2 136.6 147 131.6 325.8 117.6 541.6 411.4 359.2 988 305.4 279 361.4 371.8 857.4 997.4 999 999.8 999.4 1000 1000 1000 1000 1000 1000 1000 348.6 885 244.4 126.4 984 932.8 134 164.4 608.8 956.2 972.6 885.6 945.4 954.4 100.4 539 972.2 974 979.4 959.4 100.8 111.8
2.2 2.2 2 2.4 2 2.2 2 2.2 2.2 2 2.4 3.2 2.6 2.2 2.6 165.8 294 3.4 2.6 2.4 2.2 2.2 2.2 2.2 2.4 2.6 2.6 2.6 3 25.6 938.4 31.2 351.2 128 598.4 404.2 130.4 339.6 358.4 342.2 302.6 300.6 651 965 363.2 456.4 546.2 811.8 914 1000 1000 999.8 1000 1000 1000 1000 1000 352 309.4 289 154 170.8 175.8 215.4 81.6 959.2 978.2 977 955 180.8 950.4 976.8 979 979.8 979.6 961.8 75.8 76.2 80.4
2.2 2.2 2 2.2 2.4 2.4 2 2.2 2.2 2 2 12.2 3.8 2.4 3 12.2 464.8 237.8 3 2.4 2.4 2.2 2.2 2.2 2.2 2.4 2.6 2.6 2.6 2.6 3.4 26.6 906.6 342.8 120 162.8 129.8 904.6 540.4 407.4 324.2 273.8 952.2 989.4 706.2 385.6 996.4 992.8 868.6 985.8 1000 1000 1000 1000 1000 1000 754.8 345.2 945.6 279.6 419.6 122 112.8 979.2 961.8 182.8 131.2 978 977.8 977 107.6 133 119.8 105 136 896.6 976.8 119.2 74.8
2.2 2.4 2.2 2.6 2.6 2 2.2 2.2 2 2 2 52.6 7.8 2.4 3.2 6 7.2 311.4 3.2 2.6 2.6 2.4 2.2 2.2 2.2 2.2 2.4 2.6 2.6 2.6 3.4 7 142.6 174.8 134.4 142.4 165.8 925.8 754.8 442.2 804 304.2 321.8 877.4 810 819.6 996.2 999.8 882.2 1000 1000 1000 1000 1000 1000 966.8 1000 959 938 275.6 278.4 972.8 968.8 904.2 543.4 981.8 980.6 979.6 541.4 131.8 148.2 123.8 215.8 112 114.2 978 868.6 72 56.8
2.2 2.4 2.4 2.4 2 2.2 2.2 2.2 2 2.2 2 2.2 5.2 2.6 3.2 87 121.4 3.6 3.6 2.6 2.6 2.6 2.6 2.6 2.6 2.4 2.2 2.6 2.6 2.6 939.4 890.8 7.6 81.2 486.6 142.6 117.6 927.6 999.8 633 984 385.8 398.6 992.6 881.2 737 690 991 834.4 1000 1000 1000 1000 1000 1000 997.4 994.6 275.4 260.8 335 273.6 172.2 985 807 223.2 191.4 540.8 985 984 145 248.2 241 949.4 110.8 107.4 127.2 112 80.4 48.4
2.2 2.2 2 2.2 2.2 2.2 2.2 2 2.2 2 2.2 2.2 5.6 4.6 3.6 10.4 19.8 4 17 3.2 2.6 3 2.6 2.6 2.4 2.6 2.6 2.6 2.6 2.6 919 936 63 8 858.4 133.8 901 929.6 785 999.8 999.8 423.8 905.2 565.8 999.8 999.8 999.8 1000 842.2 944.2 1000 1000 911.6 1000 1000 999.8 999.4 999.6 991.6 249.4 206.6 359.2 460.2 152.2 310.6 968.6 981.2 997.4 691.2 156.2 250.2 259.8 114 272 131 98 109.4 944 52.6
2 2.4 2 2.2 2.2 2.2 2 2.4 2.2 2.2 2.4 2.4 15.4 128.8 9 168 5.2 216.2 163.2 3.6 3.4 3.2 2.6 2.6 2.4 2.6 2.6 2.6 2.6 3 3.4 946.2 3.8 33.2 875.2 483.6 575.8 910.6 849 991.2 738.4 999.4 984.4 987.6 973.6 789.2 884.6 816.6 822.6 944.6 880 998.4 999.4 1000 999.8 999.8 999.8 992 312.8 196.4 192.4 394.2 146.6 207 596.8 990.2 982.2 995.4 840.4 839.6 963 881.4 259 211.8 985 110 120.4 50.2 946.2
2.2 2.2 2 2.4 2.2 2.2 2.2 2.2 2.2 3.2 2.2 2.2 8.2 380.6 36.6 4.6 5.4 95.2 4.8 4.8 3 2.8 3 2.6 2.6 2.6 2.6 2.6 2.6 2.8 2.6 915.2 133.2 677.4 941.6 987.4 934.6 186.4 853 1000 991.8 1000 939.8 999.8 827.6 931.4 905 843.8 901.2 996.2 995 999.8 999.4 993.8 999.8 998 998.8 224.2 999.2 690.6 298 892.6 824.4 130.8 177.6 989.6 983.6 781.4 999 992.6 237 845.8 204 843.8 192.6 187.8 485.2 70.4 38
2 2 2 2.2 2.2 2 2.4 2.2 2.2 2.4 2.8 2.2 3.2 183.4 7 97.2 6 96.4 272.2 25 2.8 3 3 2.6 2.6 2.6 2.6 2.6 2.6 3 2.6 5.2 9 15.4 637.6 987.4 985 1000 858.6 855.8 850.8 1000 850 999.8 817.2 938.4 918.6 840.2 1000 935 905.2 995.4 930.8 1000 1000 998.2 987.4 873.2 990 998.6 990 991 590.8 146 112.2 559.2 103.6 241.4 322.6 235 198.2 235 207.6 212 232.4 930 77 60.6 51
2.2 2.2 2.2 2.2 2.2 2.6 2.4 2.2 2.2 2.2 2.4 2.2 4.4 501 5.6 22.4 7.8 69.4 992 52.8 3.2 3.4 3 2.6 2.6 2.6 2.6 2.6 2.6 3 2.6 2.6 3.8 4.6 633.2 636.4 994.4 856.2 874.8 870.4 982.6 998.6 1000 1000 922.2 954 938.6 982 869.2 869.2 891.2 999.4 926 1000 1000 999.4 986.4 982.4 991.6 996.8 979.4 20 21.4 52.2 776.6 966.6 729.2 186.6 225.8 199.4 208 268.8 267.6 257.4 942.2 148.6 992.4 620.6 995.2
2 2.2 2.2 2.2 2.2 2.4 2.8 2.4 2.4 2.4 2 2.2 78 76.8 11.2 10 246.4 14.6 991.2 119.2 3.2 3.4 2.6 2.6 2.6 2.6 2.6 2.6 2.6 3 3 2.6 2.8 178.6 991.8 965.8 420.2 877.6 873.6 846.8 865.8 998.6 1000 882.4 946.2 957 943.6 885.8 917.8 868.2 913.8 909.6 924.2 915.2 936.6 1000 986 972.2 283 995.4 190.6 940.4 336 18 29.4 64.6 99.2 108.8 171.8 204.2 193.4 123.8 135.4 137.8 967.6 880 994.6 995.8 976.2
2.2 2.2 2.2 2.2 2.8 2.4 2.4 2.4 2.4 2.2 2.4 2.2 2.2 355.8 422.6 5.6 4.6 385.6 194.8 604.6 3.4 3.4 3.4 3 3.2 3 3 2.6 2.6 3 2.8 2.6 2.6 4.8 985.6 996 449.2 893 869.6 866 927 939.4 1000 1000 1000 949 949 941 939.4 1000 1000 887.2 912.6 899.8 1000 1000 990.6 960.2 948.8 588.2 712.4 959.8 12.4 34.4 50.2 42 66 87.4 104.8 157.4 113.2 43.2 78.4 74.8 83.2 198.8 919.4 485.2 469.6
2.2 2.2 2.2 2.2 2.4 2.2 2.8 2.8 2.4 2.4 2.2 2.2 2.2 4 523.4 5.2 5 32.6 920.4 42.8 3.4 3.4 3.2 3.2 3 3 3.2 3 3 3 2.8 3.6 2.8 3.6 994.4 994.2 735.6 917.6 900.2 912.6 926.8 936.4 1000 1000 1000 947.6 1000 925 947.8 999.4 1000 881.6 898 896.2 884.4 897.6 1000 954.6 947.8 987.8 963.8 959.4 258 11.4 15.8 897.8 678.4 54.4 33.4 45.2 53 75.6 73 89.8 45 19.4 589.2 487.8 474.2
