results/niche_models/brt_avg.asc
NCOLS 720 
NROWS 960 
XLLCORNER -60 
YLLCORNER -40 
CELLSIZE 0.0416666666666667 
NODATA_value -9999 
[rows 315 to 349 of 960, columns 395 to 473 of 720]
2.2 2.2 2.2 2.2 2.2 2.2 2.2 2.4 2.4 2.2 2.2 2.8 2.4 3.2 417.4 5.4 5.2 68.6 833.2 882.6 3.8 3.4 3.4 3.4 3.2 3.2 3.2 3.2 2.8 3.2 2.6 22.2 382 12.8 84.4 989 1000 920 933.8 888.2 926.2 936 947.6 1000 1000 1000 1000 928.4 942.8 939.6 924.8 1000 879.8 909.6 990.4 1000 1000 989 809.8 33.6 694.4 629.2 11.4 11.8 173.2 20.2 8.4 18.8 14.4 18 18.6 26 49.4 450.8 548.6 40.4 505.8 513.2 496.2
2.4 2.2 2.2 2.2 2.2 2.4 2.4 2.2 2.4 2.2 2.2 2.4 2.6 2.6 287.2 502 8.8 4 99.4 954.2 4 4.4 5.2 3.4 3.4 3.4 3.4 3.2 2.8 3 3 524 992 824 39.6 861.4 990 1000 1000 1000 953 959.4 999.8 1000 999.8 1000 1000 953 941.6 943.2 937.4 862 864 883.8 876 1000 1000 999 768 87.6 43.4 174.8 889.2 127.2 65.2 728.4 9.2 694.4 8.8 7.2 7.2 8.2 483.2 519.2 531 507 490.2 456.2 428.6
2.2 2.2 2.2 2.2 2.4 2.4 2.4 2.4 2.4 2.4 12.6 2.6 2.6 4.6 6.6 465 299 9.6 487.8 962.8 5.6 11.8 53.2 3.6 4 5 3.4 3.4 3.2 3 3 602.2 996.4 760.2 995.8 994.8 900.6 931.6 925.4 864.2 1000 950.4 1000 1000 160.2 724.6 999 1000 1000 997.8 937.2 836.8 994.4 863.6 882.8 871.4 1000 999.8 781.6 784.6 845.8 428.2 120.2 13.8 297.8 830.6 664.8 7.8 7.2 6.8 7.2 8.6 518.6 542.4 498.8 487 465.2 444.6 437.6
2.2 2.2 2.2 2.2 2.4 2.2 2.4 2.4 2.6 2.2 6 3.2 5.8 5.2 6.4 520.6 437 307.8 501 821.8 5.8 9.2 56.2 5.2 5 4.2 4.6 3.6 3.6 3.2 3 4 132.6 473 456.2 992.4 783.6 1000 904.8 1000 1000 862 938.8 1000 302.6 29.8 27.4 942.8 946.4 995.2 939.2 870 1000 1000 1000 1000 1000 1000 817 824 908.8 93.2 83.2 7.8 261 685 7.4 6.8 5.8 5.6 5.8 7.6 495.4 512.8 509.4 487 471.4 459.6 359.6
2.2 2.2 2.2 2.2 2.2 2.2 3 2.6 2.4 2.4 4.4 3.4 4.2 259.2 5.2 499.8 504.6 305.4 508 25.6 7.2 47.8 63.4 5.4 5.2 5.4 5 4.2 3.6 3.4 3.2 6.2 10.4 942.4 564.6 1000 472.6 1000 886.8 960 922 1000 851 1000 997.8 633.6 24.4 994.8 937.8 1000 946 852 853 1000 894 1000 1000 998.6 830.6 831.4 23.6 162.2 26 8.8 6.8 6.2 6.2 6.4 5.6 6.2 6.2 33.2 523.2 508.2 494 473.4 993 429.4 458.2
2.2 2.2 2.2 2.2 2.2 2.4 2.4 2.4 2.2 2.2 3.6 3.4 58.6 349.2 640.4 48.8 7 315.2 414.6 805 6.6 8.4 990.8 6 5.6 5.8 5.2 4.8 3.6 3.6 3.2 6.8 156.8 4.6 714.4 930.8 902.2 860.6 858.4 873.4 959 1000 1000 999.8 198.8 185.8 20.2 565.2 949.2 947 945.2 834.8 1000 1000 1000 1000 1000 951.2 854.4 837.4 923.2 212.2 10 7.2 18.8 6.8 5.6 5.4 5.6 5.6 6.6 472.4 522.6 509.4 531.6 997.4 764.4 444.2 410.6
2.2 2.2 2.4 2.2 2.2 2.2 2.4 2.2 2.2 2.2 5 4.4 12 280 7.6 37.4 12 490.4 311.2 348.8 5.6 523.6 992.6 6.4 5.2 5.6 5.2 5.2 3.8 3.2 3 4.4 386.8 4.2 958.2 901.8 926.8 892.8 890 896 954.4 934 916.8 1000 1000 20.4 19.8 690.2 956.4 937.2 935.8 868.8 1000 845.2 870.6 997.4 1000 996.6 940.8 889.6 36.4 49 8.4 6.4 870.2 540.8 5 4.8 4.8 4.8 9.4 510.2 510 507.8 831 810.2 995.2 426.8 990.8
2.2 2.2 2.2 2.2 2.4 2.2 2.6 2.2 2.4 15.2 45.4 3.8 4.8 4.8 5.4 212.2 87 74 616.4 332 5.4 15.2 888.2 9.6 6.4 6.6 5.8 5 3.2 3.2 3.2 3.4 6.4 377 8.2 1000 868.6 920 891.2 872 879.4 929.6 934.2 953 925.6 221 18 608.6 948.2 954.2 952.4 884 834.2 1000 1000 1000 1000 992.6 977.8 963 997.2 175.2 6.4 6.8 6 5 4.8 4.8 4.8 5.2 5.6 714.8 997.2 527 525.4 498.4 996 438 468.4
2.2 2.2 2.2 2.2 2.4 2.6 6.4 8.4 4.6 5.6 3.6 4 5 9 21 277 405.4 51 191.2 8.6 5.2 7 9.2 9 6.6 7.4 6.4 5 3.8 2.8 2.8 3.2 114.2 895.4 27 909 998.4 919.8 889.2 864.8 881.2 998 81 708.4 1000 82.2 16.4 40.2 847.8 959.4 849 882.2 1000 861.8 874.6 1000 1000 866.6 985.6 973 996.8 7.4 6.8 5.4 4.8 4.8 4.8 3.8 3.6 4 4.4 278.2 970.8 996.6 502.2 996 995.6 476.8 993.8
2.2 2.2 2.2 2.2 2.2 2.2 4 4.8 3 12 122 5.4 5.4 269.6 4.4 21.8 395.6 404.8 142.8 5.6 5.4 6.4 7 7.2 7 7 6 5 4.6 6.6 3.4 3 3 855.8 921.4 885 862.4 893 902.4 851 862 1000 42.2 194 275.4 11.4 16.8 21.2 727.2 910.2 995.2 1000 853.6 857.2 874 670.8 858.8 955.4 949.2 969.2 981 11.4 5.2 4.8 4.8 4 4.2 3.8 3.2 3.2 32.4 333.8 399.2 459.8 997 995.8 995.4 994.8 995
2.4 2.2 2.2 2.4 2.6 2.2 2.4 3 13.4 2.8 3.6 4 3.8 4.8 6.4 596.4 380.2 923.4 10.6 5 21.8 12 7.4 33.4 8.6 8.6 9.4 153 358.6 739.4 3.6 3 2.8 115 999.2 884.6 870.2 1000 1000 1000 1000 868.6 612.4 19.6 22.8 18 11.8 232 786.8 881.8 873 884.6 879.8 915.8 1000 997.8 998.4 999.4 850.8 745 675.8 5.6 9.2 5 3.6 3.4 4 3.4 2.8 3.4 29.4 204.6 206 400.6 992.8 995.2 990.8 536.8 992.6
2.2 2.2 2.2 2.2 2.2 2.4 2.6 3.4 3.4 3.2 3.2 75.2 21 13.4 4.4 4 42 914.2 24 10.2 708.6 917.4 907.4 862 38 19 37.2 917 907.2 1000 858 87.8 41.4 57.4 430.8 998.6 1000 1000 510 178.8 976.2 957 999.6 25 18.4 18.2 13.8 552.2 730.2 869.2 852.8 860.2 870.8 859.4 1000 998 976.8 982.4 677.6 4.6 528.8 8 5.2 4.8 3.2 2.8 3 2.8 2.8 3.4 135.2 10.2 147.8 252.8 995.4 987.2 986.4 958.2 893
2.2 2.2 2.2 2.2 2.2 2.6 2.8 2.8 2.6 3.4 31 5.4 3.4 3.8 3.4 3.6 3.6 898.8 870.4 361.2 717.4 898 903.4 1000 877.6 731.2 747.2 903.2 911.8 1000 923.2 910.2 64 44 33.6 101.2 186.4 1000 26.6 24.6 22.2 20.6 1000 998.6 34.6 23.8 16 108 999.8 912 761.8 975.4 869 869.2 667.2 995.6 996.4 806.6 771.6 706.2 25.4 680.2 702.4 4 2.8 2.8 2.8 2.8 2.8 3.4 16.8 8.4 202.8 608.2 288.8 291.8 980.6 981.2 994.6
2.2 2.2 2.4 2.6 2.4 2.6 4.8 9 3 3 3.2 3.2 3 5.2 3.6 3.4 3.6 361.4 901.2 897.6 436 836 991.6 998.8 915.4 795.6 910.4 923 1000 907.2 991.4 937.8 1000 908.4 37.2 29.8 28.2 1000 25.2 23.2 22.8 23.8 22.6 730.2 998.6 25.2 17.2 20.8 117 996.8 859.8 636.2 733.8 851 969.8 548.6 994.4 726 23 4.8 3.2 3.6 12.2 2.8 2.8 2.8 2.8 2.8 2.8 4 64.6 3.4 142 977.8 547.2 541.8 306.2 979.6 986.8
2.4 2.4 2.6 2.6 4.6 5 3.2 3 3 3 3.4 3.4 3.4 3.4 3.4 3.6 4.2 97.8 676.6 1000 991.8 680.4 857 849.4 844.8 879.2 914 989.2 1000 1000 634 67.8 715.2 90.8 38.2 30.4 27.4 24.8 25.8 24 24.4 23.2 21.2 26.8 755.4 565 20 16 12.6 687.4 995 652.2 708.8 997.6 991.6 986.2 982.4 364 3.6 3.2 2.8 3.6 3.4 2.8 2.6 2.6 2.6 2.6 2.8 6.6 801.2 3.8 5.4 964 904.8 975.6 968.6 638.8 989.6
2.6 2.6 2.6 2.6 2.8 2.8 3 3 3 3.4 3.4 3.4 3.4 3.4 3.2 3.6 106.8 118.6 136.8 129.2 489.8 884 655.2 859 1000 891.8 918 895.4 908.6 909.8 293.2 53.8 39.6 33.8 32.6 28.2 27 24.6 22.6 25 25.6 24.8 25 23.4 995.8 760.6 85.6 15.4 8.8 43.2 986.2 497.2 989.8 991.8 995.4 997.6 874.4 4.2 3.2 3.2 2.8 2.8 2.6 2.8 2.8 2.8 2.8 2.8 2.8 3.4 3.4 4.6 24.8 970.8 616.8 698.4 978.8 979.2 987
2.6 2.6 2.6 5.2 2.6 2.8 2.8 3 3.4 3.4 3.4 3.4 3.4 3.4 3 2.8 2.8 84.6 110.4 93.2 403.6 912.6 852 999.8 905.2 909.4 912.2 905.4 900.6 928.2 903.6 651.8 525.6 45 41.2 31.8 28.6 32.2 39.2 25.2 23.2 22.8 24.4 25.6 21.4 998.2 999.8 9.6 8.6 3.4 427.2 458.8 285 4.6 967.2 988.8 995.6 4.8 3.2 3.6 3.2 2.8 2.8 2.8 2.8 3 2.6 3 3 2.8 3.6 3.4 3.6 3.4 477.8 756 954 982 962.4
2.6 2.6 2.6 2.6 2.6 2.6 2.6 2.8 3.2 3.2 3.4 3.4 3.4 3.2 2.6 2.6 44.6 77.2 79.6 87.6 336.2 915.8 898.4 895 1000 1000 896.2 908.6 917 907.8 902.8 266.6 107 42.6 43 35.6 29.2 31.2 26.4 32.8 31.8 29.2 22.4 22.4 25.8 19.2 344.2 10.8 8.8 2.8 966.8 988.6 994.4 4 616.6 371.6 996 9.4 3.2 5.8 227.2 2.8 2.6 2.6 2.8 2.6 2.6 2.8 2.8 3 2.8 3 2.8 3 3 3.6 3.6 8.2 21.2
2.6 3 2.6 2.6 2.6 2.6 2.6 2.6 3.6 3.2 3.2 3 3 3.2 2.6 2.6 2.6 46 38 57.2 894.2 927 902 896.2 924 1000 910.2 917.8 900 927 1000 903.2 759.2 42.6 37 33.4 30.6 26.8 28.8 25 27.4 30.4 21.4 21.4 25.8 20 20.4 37.8 2.6 2.8 4.8 310.8 994.2 6.4 72.4 990 994.8 329.4 4 12.4 4 3.2 2.6 2.8 2.8 2.6 2.8 2.8 2.8 2.8 2.6 2.8 3 3 3.6 4.2 455.8 981 867.8
2.6 2.6 2.6 2.6 2.6 2.6 2.6 2.6 2.6 3.2 3.2 3 3.2 3.2 2.6 2.6 2.6 44.8 40.2 98.8 386.8 913.2 922.6 997.2 908.6 923.4 926.2 908.6 990.2 1000 999.2 983.2 276.8 37.2 32.6 30.8 29.4 28.2 25.2 24.8 24.8 22.6 21 23.4 25 22 916.4 970.6 2.8 2.6 2.8 34.2 989.2 942.4 321.8 678.8 959.8 433 5.2 8 4.6 4 3.2 3 2.8 2.8 2.8 3.2 2.8 2.6 2.8 2.8 2.8 4.4 33.8 7.4 933.8 980.6 872.2
3 2.6 2.6 2.6 2.6 2.6 2.6 2.6 2.6 2.6 3.2 3 3.2 2.6 2.6 37.6 36.8 38.6 40 89 217.4 917.4 914.2 1000 1000 911.4 923.4 1000 1000 996.4 991.4 119.6 47.8 37.4 30.4 29.4 29.2 29.8 29 28.8 26.4 22.8 20.8 26.2 25 20.2 25 698.6 3.2 2.6 2.6 2.8 4.4 4.6 4.6 5 4.8 4.4 4.4 4.4 4.4 4.4 3.8 3.2 3 3 2.8 3 2.8 2.8 2.8 3 3 3.8 116.2 744.8 960.6 980.8 913.8
4.2 3 2.6 2.6 2.6 2.6 2.6 2.6 3.2 3 3 3 3.2 2.6 38.2 34.2 36.6 38.8 46.4 41.8 95 892.8 913.6 931 1000 999.4 917.4 1000 906 997 999.4 64.8 49 32.6 30.8 30.4 31 31.6 28 29.4 31.8 22.8 20 23.6 26.2 23.6 3.6 21 3.2 2.6 2.6 2.8 3 26.8 4.4 4.8 4.8 4.8 4.8 4.6 4.6 4.4 3.4 3.2 3.2 3 3 3.6 3.2 3.2 3 2.8 3.4 4.8 884.2 975.6 145.8 59.2 679.8
3.6 3.8 4 2.8 2.6 2.6 2.6 2.6 3 2.8 2.8 3.2 3 2.6 37.2 37.2 44.6 46.2 46.6 45.4 203.2 766.4 908.2 993.8 936.6 907.8 1000 999.2 993.8 999.6 187.6 181 39.4 32.8 34.2 30.6 27.6 29.2 28.2 27.8 25.2 27.4 25.4 25 22.6 2.8 2.8 2.8 2.6 2.6 2.8 2.8 2.8 3.2 4.4 4.8 4.8 5.2 4.8 4.6 4.6 4.6 4.6 4.4 3.6 3 3 3.2 3.6 3.4 3.4 3.4 4 41.2 957.6 976.2 907.4 980.6 951.6
5.6 3.2 3.4 3.2 2.8 2.6 2.6 3 2.8 2.8 3.2 2.6 2.6 39.4 39.6 42.6 44.6 45 52 48.8 239.2 889.2 1000 1000 923.2 1000 857.2 1000 1000 177.8 72.8 54 39 36 29.2 29.6 28 23.8 29 34.8 23.6 23.6 22.8 3.4 3.6 3 2.8 2.6 2.6 2.6 2.6 2.6 2.8 3.4 4.2 4.6 4.4 4.6 4.6 4.4 4.6 4.6 4.6 4.4 4 4.6 4 3.8 4 3.6 3.4 3.6 48.4 155 188.8 725.6 971 58.8 25.4
2.6 2.8 6.8 3.2 3.2 3 3 3.4 2.8 2.8 2.8 42.6 45.6 49 52 51 50.8 56.4 54.6 49.8 111.6 781 924.2 924.6 942.4 920 215 148.4 998.6 573 67.8 65.4 34.8 35.2 34.2 31.2 40.6 33.2 117 37.4 22 22.2 22.8 48.8 3.8 2.8 2.8 2.8 2.6 2.6 2.8 2.8 2.8 4.2 4.2 4.2 4.2 4.4 4.6 4.4 4.2 4.6 4.8 4.4 4.4 4.6 4.6 4 4 6.8 7.6 6.8 143.6 954.6 474.6 963 966 761.2 25
2.6 2.6 3.2 3.2 3 3.4 3.4 3.2 2.8 2.8 2.6 50.2 49.6 47 51.6 54.2 57 57.6 56.4 49.4 56 502.8 954 946.2 957.4 1000 999.6 523.6 83.6 58 52 41.6 46.4 47.4 39.2 41 46.8 52.8 34.6 27.2 24.4 23.6 25.2 947.2 3.2 2.6 2.6 2.6 2.8 2.8 2.8 2.6 3.2 3.2 3.2 4.4 4.6 4.6 4.6 4.2 3.2 4.4 4.6 4.6 4.4 4.6 4.8 4.8 4 35 28.2 14.4 147.4 179.2 951 876.6 184.6 612.8 21.6
2.6 2.6 2.8 3.2 3.2 3 3 2.6 2.8 2.6 50.2 51 49.4 55 57.2 57.8 57.8 56.2 54.6 50.2 57.6 619 737.6 945 934 1000 472.8 114.4 103.6 85.8 51.4 53.4 75.6 71.2 46.6 54 55.4 37.8 29.8 24.4 21.6 19.6 17.4 4.4 2.6 2.8 3.8 2.6 2.6 2.8 2.8 3.4 3.4 3.8 4.2 4.6 4.6 4.8 4.6 3.2 3.2 3.2 3.6 3.6 3.4 4 4.8 4.8 107.6 148.6 26.2 49 145.4 142.4 135.6 18.8 99.4 98.6 34.8
2.6 2.8 3.2 3.2 3 3.2 2.8 2.6 2.6 63.8 58.2 50.2 55.6 58 57.6 57.6 57.2 56.4 56.8 46.4 57.6 92.8 207.4 991.2 1000 1000 987.6 735.4 134 76.4 51.6 73.6 128.4 104.2 59 53.2 38.8 41.4 29.6 22.8 21.2 18.2 16.2 8.6 2.6 2.6 2.8 2.6 2.6 2.8 2.8 3.6 4.8 4.8 4.8 4.8 4.8 4.4 3.6 3.2 3.2 3.2 3 3.4 4 4 4.8 4 104.4 149 98.6 124.2 36.8 441.6 641.8 13.8 8.6 8.4 192.6
2.6 3.2 3.2 3 3 3 3 4.6 36.8 989.8 1000 224.4 60.2 50.4 51.8 55.4 50.4 50.4 47 64 60.4 138.8 205.2 1000 1000 1000 439.8 647.6 793.6 79 71.4 100.4 109.2 60.2 46 35.8 33.2 30.4 25.8 22.2 20.2 17.4 8.6 7.2 2.8 3.4 3.4 2.6 2.8 3.4 3.4 3.6 4.2 4.8 5 4.8 4.8 4.4 4.4 3.6 3.2 3.8 3.4 3.4 13 9.8 4.4 49.8 125.2 128.2 138 142.8 33.4 17.2 17.8 101.2 44.6 8.2 240.8
2.6 3 2.6 2.6 3 3 2.6 3.6 2.8 766.2 1000 1000 1000 115.8 61.4 53.2 50.6 55 49.8 49.8 63.2 360 698.2 930.8 1000 905 538.2 115.4 938 102.4 92 91 84.2 40.8 38.4 34.4 33.8 26.8 23.6 22 18.8 9.8 7.8 7.2 4 3.4 3 2.6 3 3.4 4.6 9.6 4.2 5 4.8 5.4 5 4.8 4.6 4.6 4 4 4 3.6 14.2 4 4.4 27.4 136.4 136.4 137.6 128.6 136.8 138 136.2 95 15.8 48.6 529.8
3 3 2.6 2.8 2.6 2.6 2.6 2.6 3.2 30.2 998.4 890 901.4 923.2 848.2 66.4 51.6 52.2 53 50.6 59.4 201 871.2 933 1000 1000 525.6 494.4 348.8 409 80.6 93 62.4 42.2 35.2 28.8 29.8 28.6 23.4 21 17.8 9 7.2 5.8 3.4 3.4 3.4 3 3.4 4 4.6 14.8 5.4 4.2 15.8 6 5 4.4 4.6 4.4 4.2 3.6 4.6 3.6 4 3.6 3.8 4 138.2 143 137.8 138 152.6 142.8 97 23.2 19 159.6 206
2.8 2.6 2.6 2.6 2.6 3.2 3.6 63.4 2.6 4.8 5.2 954.2 999.4 1000 1000 101.2 55.8 51.2 51.4 45 60 109.6 918.2 997.8 1000 1000 667 996.2 361.6 104.8 87.6 73 62 41.8 39.6 31.4 29.8 26.8 22.6 18.8 8.8 7.4 7.2 3.4 3.4 3.4 3.6 3.4 3.4 3.8 6.6 6.4 4.6 4 4.4 5 4.8 4.6 4.8 4.4 4.8 4.2 13.4 4.2 3.4 3.6 3.4 4 18.6 141.6 142 122.6 128.2 140.2 133.6 45.6 102.2 137.2 224.6
2.8 2.8 2.6 2.8 2.6 3.6 58.4 2.6 2.6 2.8 2.8 2.6 52.4 479.4 1000 891.2 71.2 58.4 56 47.2 51.2 101.6 676 937.8 1000 986.8 335.8 290.2 987.4 157 105.8 71.4 63.8 42 42.4 37.8 35.6 27.2 23.4 3.6 4 3.4 3.2 3.6 4 4 4.6 3.4 3.4 3.4 5.2 3.6 4 4.2 5 5 4.8 4.8 4.8 4.8 4.8 5.2 16.8 4.8 6.8 14.6 3.8 6.4 31 96.8 129.8 136.2 140.2 136.2 141 141.6 144.2 129 963.8
2.8 2.8 2.6 2.8 2.6 2.6 9.6 3.6 2.6 3.2 3 2.6 11.2 55.2 88.2 896.8 1000 115.6 70 52.6 52.2 66.6 429.2 918.6 1000 1000 906.6 101 122.6 300.2 504.2 65.4 76.2 54.8 47.2 40.6 33.2 26.4 20 4 4 3.6 3.6 4 4.6 6.2 6.6 3.6 4 7 6.4 4.6 3.4 4 5 4.8 5 4.8 4.8 4.8 5.4 5.2 59.6 40.8 36 102.6 102 78.6 43.8 142.4 144.4 139.6 146 171.6 149.8 137 137.4 131 972.6
3.2 3 3 3 3.2 2.8 2.6 3.6 3.6 2.8 2.8 3 2.6 3 51.8 999.4 996.2 846 78.6 53.6 55 63.4 853.6 907.8 1000 999.6 825.4 599.6 101.2 134.4 118 65.4 79.2 87.8 53.2 37.4 31 27 10.6 4.6 16 3.6 4 4 7.6 37.8 212.2 35.4 27.8 27.6 28.2 15.2 6.4 8 4.4 5 5 5.4 4.8 5.2 5.6 5.8 198.6 158.6 135.2 136.2 140.4 144.4 139.4 365.8 124 137.6 143.6 197.8 184.4 145 179.2 215.4 972.6
