results/niche_models/brt_avg.asc
NCOLS 720 
NROWS 960 
XLLCORNER -60 
YLLCORNER -40 
CELLSIZE 0.0416666666666667 
NODATA_value -9999 
[rows 280 to 314 of 960, columns 474 to 552 of 720]
108.8 110 100.4 98.2 405 75 124.8 33.6 31.8 32 33.8 34.8 35.8 36.4 38.4 39.8 42.6 43.6 42.8 44 43.2 39.8 38.4 41.2 41.2 76 38.8 37.2 36.6 35.6 33 37.6 887.4 76.2 40.4 37.2 37.6 36.8 36.4 80 31.8 34 195 198 76.2 189.6 36.6 42.4 511 56.6 427.6 911.6 940 680.6 890 930 631.4 539.4 230.6 186.6 156 92.8 61 37 6.8 6.8 3.8 -9999 -9999 -9999 -9999 -9999 -9999 -9999 -9999 -9999 -9999 -9999 -9999
213.4 901.6 543.4 79.6 70.8 964.6 206 33.6 33 32.8 34.8 37.2 39 39.8 40.2 40 40.8 43.4 46 45.6 45.4 43.8 42.8 42.4 44.2 41.8 39.8 39 39.4 34.2 35.6 33.8 34.4 34.4 39 37.6 32 57.2 47.8 33.4 33.4 42.8 843.4 275.2 65.2 198.2 188.2 598 63.4 353.4 624.4 936.4 973.6 952 967 920.2 536.6 177.6 111.6 85.4 46.6 65 40.6 39.8 7.2 3.8 -9999 -9999 -9999 -9999 -9999 -9999 -9999 -9999 -9999 -9999 -9999 -9999 -9999
986.2 272.8 182.2 78.4 48 31.2 31.4 34.8 34.6 35.6 33.6 37.8 40 40.6 42 41.8 42 44.2 46.2 46.2 45.8 45.6 45 46 43.8 40.2 45.2 41.8 43.6 190.8 35.8 35.4 37 37 39.6 36.8 33 81 34.2 31.8 467.6 835.6 859.2 63.2 48.6 72.4 543.4 822 455.8 384.4 951.4 981.2 955.2 947.8 913.6 372.4 158.6 352.4 152.8 97 37 6 9 7 7.4 3.2 -9999 -9999 -9999 -9999 -9999 -9999 -9999 -9999 -9999 -9999 -9999 -9999 -9999
94.6 95.2 118.2 76.2 37.2 33.4 35.4 38.4 36.4 36.4 36.4 37.6 40 40.2 41.8 43.2 44.6 44.8 45.6 45.4 46.4 46 45.2 46.4 43 42 43.6 45 43.2 840.6 737.6 44 39.4 38.2 37.2 35.4 860 56.8 30.6 218.8 899.6 846.4 727.6 36.8 39 239.6 923.6 627.4 964 965.8 978.8 969.8 903.4 465.8 337.2 34.2 191.6 29 83.8 109.8 55.2 22.2 7.4 6 4.2 -9999 -9999 -9999 -9999 -9999 -9999 -9999 -9999 -9999 -9999 -9999 -9999 -9999 -9999
108.2 103 954.2 945.8 36.8 36.8 37.2 38.4 38.6 36.8 36.4 37.6 38.6 39.6 37.8 40.4 42 42.6 45.2 45.4 44.8 45.4 44 46.4 843.6 208 844.4 41.2 56.2 86.4 68.8 89.8 57.6 49.2 41.8 35.2 35.2 33.8 31.4 490.2 209.8 920.2 912.8 907.6 903.8 78.8 912.4 958 962.2 966.6 950.4 604.8 483.6 405.8 269.8 188 31.4 28.6 27.4 77.2 77.2 55 7.8 4.6 3.2 -9999 -9999 -9999 -9999 -9999 -9999 -9999 -9999 -9999 -9999 -9999 -9999 -9999 -9999
196.8 118.6 981.8 971.4 35.2 38 37.6 39.2 44.6 38.8 37.8 37.2 37.4 37.4 38 39.4 40.8 42.8 43.8 44.6 45 46.8 46.4 47.4 40.8 43.6 36.2 64.2 86.2 93 91.6 95.2 94 67.4 75.2 57.4 245.6 37.4 34.4 31.6 862.6 916 904 899.6 933.4 963.6 682.4 957 979.8 947.8 915.6 251 414.6 242.6 34.6 148.8 160.6 135.4 101.8 158.8 86.6 50.2 5.4 4.8 4 -9999 -9999 -9999 -9999 -9999 -9999 -9999 -9999 -9999 -9999 -9999 -9999 -9999 -9999
104.2 964.6 142.6 86.6 35.2 35.8 39.8 40.4 40.8 37.6 38 36.4 36.4 37.2 37.6 38.6 41.8 42.6 42 44.6 45 47.2 46.4 45.8 45.8 48.4 55.4 94.6 162.8 101.2 101.8 99.8 102.2 87.4 560 489.6 85.4 891.2 891.8 888.8 912.6 898.4 880.4 74.6 180.4 857.8 978.6 985.2 984.4 945.4 601 40.8 37 175.4 175.2 131.4 193.2 205 185 175.4 120.2 37.8 8.4 4.8 -9999 -9999 -9999 -9999 -9999 -9999 -9999 -9999 -9999 -9999 -9999 -9999 -9999 -9999 -9999
983.2 960.2 89 85.6 57.4 39 39.4 39.6 39.2 37.4 36.8 36.8 36.4 36.6 37.2 38.2 39.8 40.2 40 42.4 43.2 44.8 46 47 48.2 47.8 59 90.8 100.2 103.2 107.6 97 134.2 114 99.6 710 665.6 67.2 67.6 554.2 875.2 865.4 927.8 972 950 959.6 983.8 984 977.6 948.2 569.2 495.4 236.2 230.2 126.4 221.2 219.2 238.2 236.6 151 171.4 36.6 7.6 4.6 -9999 -9999 -9999 -9999 -9999 -9999 -9999 -9999 -9999 -9999 -9999 -9999 -9999 -9999 -9999
597 134.6 107.6 94.2 83 51 39 38.4 39.2 38.8 36.8 36.6 36.6 37.8 37.6 37.8 38.4 39.2 40 40.4 40.2 42.4 44.2 47.8 41.2 41.6 478.4 94.8 106.8 90.2 95.2 125.2 119.4 113.2 92.4 461.6 550.8 537.8 672.6 848.8 943.2 959 863 974.6 979.8 984.2 983.8 981.8 878.2 603.2 534 279 246.8 233.8 232 258.2 288 366.6 241.4 180.2 113.6 12.8 4.8 -9999 -9999 -9999 -9999 -9999 -9999 -9999 -9999 -9999 -9999 -9999 -9999 -9999 -9999 -9999 -9999
585.4 106.8 115 156.6 87.2 101 37.2 38.2 39.4 38.4 36.8 37.2 37.4 38.4 38.6 38.4 38.6 39.6 40.2 40.8 40.4 41.8 84.8 45.2 44 843.6 39.8 65 47.6 54.8 87.8 104.4 103.8 102.6 95.6 188.8 762.6 174 959.6 948 139.8 949.8 961.6 133.4 981.6 986.2 961.6 959.6 660.6 547.6 372 278.2 256.6 240.4 280.8 341.6 327 364 214.8 129.6 12 8.2 5 -9999 -9999 -9999 -9999 -9999 -9999 -9999 -9999 -9999 -9999 -9999 -9999 -9999 -9999 -9999 -9999
144.4 111.8 110.4 93.4 88.4 68.8 51.4 38.8 39.4 37.8 37 36.2 35.8 519 38.8 38.8 40.2 39.2 39.4 39.8 41.4 40.8 64.8 215.8 40.8 433.6 38.8 62.2 954.4 38.4 49.6 77.8 159.2 96.2 125.4 957.6 982.6 955.8 954.8 952.2 941.2 541.4 134 122.4 128.4 956.2 967.2 643.4 542 540 308.8 259 246.4 269.6 309.6 431 459.8 384.8 264.6 216.2 22.8 5.2 -9999 -9999 -9999 -9999 -9999 -9999 -9999 -9999 -9999 -9999 -9999 -9999 -9999 -9999 -9999 -9999 -9999
166.4 119.6 128.2 102.2 96.8 516 71 42.8 39.4 37.6 37.4 37.8 38.2 898.2 35.2 38.2 39.2 41 39 41.4 38.2 501.2 882 323.4 43.6 214.2 48.4 57 48.6 35 78.2 74 359.4 78.6 79.6 87.2 925.4 415.2 92.4 950.8 984.2 526.8 118.2 128.2 118.8 512 902.4 516.2 446.8 278 233 270.6 254.2 285.6 422.4 497.4 477 400.8 238.8 159.6 8.8 6 -9999 -9999 -9999 -9999 -9999 -9999 -9999 -9999 -9999 -9999 -9999 -9999 -9999 -9999 -9999 -9999 -9999
190.8 970.6 117.6 125.6 104.8 94.6 72.4 42.8 38.8 36.8 37.6 39 36.6 205.8 38.8 39.4 39.8 40.4 41.2 38.2 40 34.4 915.6 914.2 476 835.6 61 497.8 310 48.2 79.8 80.8 74.8 506.2 946.4 948.8 955 959.4 968.2 977.2 984.2 968.8 984.2 982.2 974.8 143.6 193.8 428.4 215.6 240.6 258.6 267.8 303.4 449.8 526.4 407.6 411 270 167.4 18.4 12.6 -9999 -9999 -9999 -9999 -9999 -9999 -9999 -9999 -9999 -9999 -9999 -9999 -9999 -9999 -9999 -9999 -9999 -9999
163.4 134.6 135.6 111.8 90.4 91.2 88.4 59.4 53.8 39.8 38 38.8 37.4 38.2 39.2 39.8 40.4 40.4 41 42.2 42 38.2 72.4 850.6 60.4 45.4 39.4 41.4 49.4 322.4 38.8 78.4 72.8 528.8 944.6 943.8 537.8 947.8 959.6 954.4 961.8 971.2 104.2 876.6 964.8 783 555.4 455.6 233.6 261 246.6 283.2 359.8 348.8 450 422 278.2 200 78.6 6.2 -9999 -9999 -9999 -9999 -9999 -9999 -9999 -9999 -9999 -9999 -9999 -9999 -9999 -9999 -9999 -9999 -9999 -9999 -9999
122 724 92 734 960.8 411.6 57.2 83.4 54.2 40.6 38.2 38.8 38.2 38.6 39.2 40.2 40.4 41 42 42.4 35.2 49.2 751.8 336.8 34.8 38.8 47.4 322.6 485 48 37.4 75.2 72.8 494.8 950.2 944.6 948.8 682 955.2 984.6 963.2 865.6 698.6 339.8 791.6 585.2 535 338.8 269 242.6 123.8 319.8 353.8 292.8 429.6 395 283.6 183.4 21 7.4 -9999 -9999 -9999 -9999 -9999 -9999 -9999 -9999 -9999 -9999 -9999 -9999 -9999 -9999 -9999 -9999 -9999 -9999 -9999
129 489.8 101 87.4 79.6 81 41 52 42.2 38.8 38.4 37.6 38.6 39.2 40 40.2 40.2 39 41.2 43.4 39.2 36.8 37 852 34.8 43 73 82.8 67 679.2 43 48.4 75.4 486.2 936.8 952 978.8 978.4 961 975.4 958 949 889 576.6 573.6 598 546.4 290.2 282 261.4 305.2 166.2 373.2 361.2 267.6 291.4 230.8 11.8 8.4 -9999 -9999 -9999 -9999 -9999 -9999 -9999 -9999 -9999 -9999 -9999 -9999 -9999 -9999 -9999 -9999 -9999 -9999 -9999 -9999
132.4 97 87 87.8 86.4 69.4 51.8 38.8 38.2 38 40.8 38.8 39.4 39.6 40.8 41.2 39.6 40.4 41 44.4 42.2 38.4 41.6 40.4 42 69 214.2 194.6 693 38 34.8 43.2 58 84 99.4 700.8 943.8 982.6 969.6 921.2 948.4 862 516.8 464.4 43.6 50.6 342.2 270.2 267.6 100.4 326 179.2 400.6 461.2 314.6 278.8 11.4 8.4 -9999 -9999 -9999 -9999 -9999 -9999 -9999 -9999 -9999 -9999 -9999 -9999 -9999 -9999 -9999 -9999 -9999 -9999 -9999 -9999 -9999
129 117.4 79.4 84.8 73.6 65.6 69.2 35.6 331 37.2 40.8 39.2 39.8 40.2 40.6 40.8 41 41.8 40.4 41 40.4 38.6 36.4 39.2 40.8 48.2 82.8 44.4 69.4 38.8 193.6 87.8 57.8 378.2 576.4 97 953.8 968.6 925.8 588.4 526.6 459.8 382.4 381.6 485.4 44 147.2 246.8 276.2 271 413.2 439.4 85.4 442.2 346.6 267.6 7.8 -9999 -9999 -9999 -9999 -9999 -9999 -9999 -9999 -9999 -9999 -9999 -9999 -9999 -9999 -9999 -9999 -9999 -9999 -9999 -9999 -9999 -9999
119 89 79.2 65.6 67.8 76.8 100.6 55.6 238.6 859.8 39.8 40.8 41 38.8 41.4 42.4 41 71.2 43.4 42.6 41 38.8 36 37.4 38.2 278 53.8 275.8 41.4 37.6 40.6 51.8 912 945.6 955 951.4 926.8 472.4 439.2 441.8 424.2 388.4 291.2 77.8 128.4 245.8 226.6 274.2 279.8 333.2 404.6 453.8 89.8 499.8 422 18.2 12 -9999 -9999 -9999 -9999 -9999 -9999 -9999 -9999 -9999 -9999 -9999 -9999 -9999 -9999 -9999 -9999 -9999 -9999 -9999 -9999 -9999 -9999
123.6 82.6 91.2 75.6 66 70.2 64 91.6 55.6 39.8 42.8 41.2 40.6 41.2 39.6 43.6 41 42.2 46 43.6 72.8 90.4 40.8 37.6 71 50.6 45.2 511.4 741.4 858.2 847.2 844.2 912.8 949.6 949.6 954.8 538 377.8 304 230.6 226 183.2 116.6 134.6 255.8 234.4 148.6 165.8 287.6 373.8 484.8 394.6 459.6 497.8 314.6 12.4 -9999 -9999 -9999 -9999 -9999 -9999 -9999 -9999 -9999 -9999 -9999 -9999 -9999 -9999 -9999 -9999 -9999 -9999 -9999 -9999 -9999 -9999 -9999
118.8 81.6 81.2 64 59.2 39 43.8 57.4 54.8 42 41.8 336.8 875.2 888.2 45 44.4 42 45.2 44.2 43.4 42.2 44.8 45.6 46.2 43.2 43 80.4 72.4 913.2 909 484.6 904 961 661.6 962.6 641.8 323.8 250.2 259.2 223 175.2 147.4 125.4 232 198 140 120.8 90 135.4 247.6 338.8 344.6 474.8 326.8 15.6 -9999 -9999 -9999 -9999 -9999 -9999 -9999 -9999 -9999 -9999 -9999 -9999 -9999 -9999 -9999 -9999 -9999 -9999 -9999 -9999 -9999 -9999 -9999 -9999
90.2 82 83.6 66 48 42.8 32.6 45.6 939.8 961.2 42 43.4 41.6 42.8 46 47.6 44.8 44.2 45.8 45.2 43.8 51.6 50.4 50.2 46.4 40.8 37.6 36.2 525.2 43.2 44.4 912.2 969.6 964.6 77.6 498 155 166.2 252.2 277.6 216.6 199.2 166 127 212.8 67.2 119 176 216.8 340.2 264.2 401.2 337.4 177.8 13.4 -9999 -9999 -9999 -9999 -9999 -9999 -9999 -9999 -9999 -9999 -9999 -9999 -9999 -9999 -9999 -9999 -9999 -9999 -9999 -9999 -9999 -9999 -9999 -9999
79.8 81.2 60.8 58.4 35.4 26.4 35.4 39.8 573 918.6 40.6 44.2 41.2 43.8 48.2 47.8 46.6 47.6 50.6 49.4 50.6 50 54.2 50.6 44.2 44.6 43.2 52.4 38.2 496.2 56 947.8 972.4 531.8 489.6 490.2 165.4 331.4 300 536.6 270.8 228.8 186 173.8 53.4 46.6 44 122.8 371.6 30.8 42.2 343.2 15.2 13.4 -9999 -9999 -9999 -9999 -9999 -9999 -9999 -9999 -9999 -9999 -9999 -9999 -9999 -9999 -9999 -9999 -9999 -9999 -9999 -9999 -9999 -9999 -9999 -9999 -9999
75.4 58.6 54.8 31.4 435.8 23.8 26.8 41 289.2 31.6 48.4 43.8 45.8 45.2 47.6 44.8 946 49.8 52.6 49.6 53.2 52.6 53.4 50.6 45.6 39.4 74 328.4 747.6 924.6 941.4 927.4 944.8 352.8 534.6 255.4 59.8 99.2 115.6 306.8 267.2 222.6 167.4 236 354.4 99.6 68.2 11.4 39 8.8 27.6 55.2 14.6 -9999 -9999 -9999 -9999 -9999 -9999 -9999 -9999 -9999 -9999 -9999 -9999 -9999 -9999 -9999 -9999 -9999 -9999 -9999 -9999 -9999 -9999 -9999 -9999 -9999 -9999
50 33.4 28.8 24.4 20 18 22.6 24 23 28 34.2 45 44.2 45.4 45.2 46.8 47 54.8 53.8 52.6 51.4 58.2 338.8 55 46.2 47.6 49.6 234.4 400.2 959.8 935.2 918 100 576.8 647.8 333 18 -9999 116.2 350.6 270.2 266 164.4 273.2 257.8 397.4 109.6 9 9.2 26.8 31.4 15.4 -9999 -9999 -9999 -9999 -9999 -9999 -9999 -9999 -9999 -9999 -9999 -9999 -9999 -9999 -9999 -9999 -9999 -9999 -9999 -9999 -9999 -9999 -9999 -9999 -9999 -9999 -9999
23.6 16 14.6 14.2 13.4 14.2 15 16 16 23.4 28.8 31.8 50 48 51.2 51 51 53 56.8 61.4 50 76.4 913.6 114.6 68.4 289 83 122 891.4 983.6 950.4 82.8 74.2 189.2 492.2 224.4 40.2 -9999 -9999 66 17.2 117.4 277.6 355 435.2 328.6 15.6 10.2 20.8 15.4 14.2 -9999 -9999 -9999 -9999 -9999 -9999 -9999 -9999 -9999 -9999 -9999 -9999 -9999 -9999 -9999 -9999 -9999 -9999 -9999 -9999 -9999 -9999 -9999 -9999 -9999 -9999 -9999 -9999
13.6 12 11.8 11.2 10.8 11 13.6 15.6 16.8 24.2 27.4 33.4 139.8 67.8 48.4 54.2 62 82.2 84.8 88 75.2 356.8 475.4 609.6 838.4 238 944.8 619.4 946.2 954.8 890 776.4 68.2 518.6 478 90 -9999 -9999 80.2 75.4 14 13.6 93.6 31.6 269 34.8 173.6 26.2 30.2 14.4 8 -9999 -9999 -9999 -9999 -9999 -9999 -9999 -9999 -9999 -9999 -9999 -9999 -9999 -9999 -9999 -9999 -9999 -9999 -9999 -9999 -9999 -9999 -9999 -9999 -9999 -9999 -9999 -9999
30.4 19.8 11.8 10.8 4.4 12 15 17.6 23.6 24.8 28 41.8 54 70.6 109 111.6 78.8 985.6 984.4 957.4 923.2 963 563.2 266.4 961.6 962.8 600.4 792.6 971.2 936.2 686.6 589.6 622.4 605 368.4 87.2 -9999 -9999 95.8 -9999 -9999 -9999 96.6 175.8 168.2 368.2 154.4 24.8 13.2 14 -9999 -9999 -9999 -9999 -9999 -9999 -9999 -9999 -9999 -9999 -9999 -9999 -9999 -9999 -9999 -9999 -9999 -9999 -9999 -9999 -9999 -9999 -9999 -9999 -9999 -9999 -9999 -9999 -9999
32.4 22 11.2 4.2 4 12.2 20.4 454.2 249.4 36.4 32.6 890.8 75.4 103.4 136.4 131.4 872.2 769.6 997.2 824 718.2 782.4 365.8 679 982 994.2 987.2 723.8 961.6 131.2 326.2 606 517.4 92 95.4 13.4 -9999 -9999 -9999 -9999 -9999 -9999 22.2 319.6 350.8 272.8 24.8 13.4 17 -9999 -9999 -9999 -9999 -9999 -9999 -9999 -9999 -9999 -9999 -9999 -9999 -9999 -9999 -9999 -9999 -9999 -9999 -9999 -9999 -9999 -9999 -9999 -9999 -9999 -9999 -9999 -9999 -9999 -9999
22.8 958.4 103.6 16.6 21.4 31.2 539.4 130.4 109.2 971.6 129.8 100 111.4 578.6 169.4 155.8 181.8 860.6 996.2 995.2 981.2 857.6 786.8 961.2 983.6 994.4 993.6 976.4 430 720.6 632.4 496.4 495.6 293.6 450.4 31.4 10.4 13.2 45 -9999 -9999 -9999 66.6 161.2 19.8 14 15.6 13 -9999 -9999 -9999 -9999 -9999 -9999 -9999 -9999 -9999 -9999 -9999 -9999 -9999 -9999 -9999 -9999 -9999 -9999 -9999 -9999 -9999 -9999 -9999 -9999 -9999 -9999 -9999 -9999 -9999 -9999 -9999
26.2 11.2 19.4 33.4 232.4 797.8 242 95 159.2 269.6 424.4 457 219.8 165.4 232.2 274.2 273.4 504.8 865.6 988.2 988.6 876.8 986 985.2 884.2 822.2 985.6 822 792.4 672.2 555.6 409.2 404.8 385.2 430.6 32.4 -9999 13.4 25.2 13.4 -9999 -9999 18.8 15.6 12.8 12.8 7.2 -9999 -9999 -9999 -9999 -9999 -9999 -9999 -9999 -9999 -9999 -9999 -9999 -9999 -9999 -9999 -9999 -9999 -9999 -9999 -9999 -9999 -9999 -9999 -9999 -9999 -9999 -9999 -9999 -9999 -9999 -9999 -9999
995.6 58.2 428.2 379.6 980.8 231.6 155.4 325.6 386.8 236.2 289.6 355.6 995.8 883 379.2 525.4 691.4 998 999.8 900.2 830.2 995.2 423.4 623.2 958.6 998.4 972 826.8 384 600.6 564.2 432.4 442.8 425 417.6 109.6 19.2 23.6 24.2 13.4 -9999 -9999 16 7.6 5.8 -9999 -9999 -9999 -9999 -9999 -9999 -9999 -9999 -9999 -9999 -9999 -9999 -9999 -9999 -9999 -9999 -9999 -9999 -9999 -9999 -9999 -9999 -9999 -9999 -9999 -9999 -9999 -9999 -9999 -9999 -9999 -9999 -9999 -9999
992.2 993.6 403.4 442.2 367.8 188 411.8 343.6 479.6 554.6 992.4 996.6 802 991.8 999.8 969.4 999.8 999.8 999.8 999.8 999.8 999.8 999.8 1000 1000 999.6 971.6 892.6 825.8 789.4 617.2 693.4 249.4 558.6 468.6 427.2 75.6 123.6 17.6 -9999 -9999 -9999 13.6 5.8 -9999 -9999 -9999 -9999 -9999 -9999 -9999 -9999 -9999 -9999 -9999 -9999 -9999 -9999 -9999 -9999 -9999 -9999 -9999 -9999 -9999 -9999 -9999 -9999 -9999 -9999 -9999 -9999 -9999 -9999 -9999 -9999 -9999 -9999 -9999
465.4 478.4 442 465.2 436.6 455.4 449.6 438.6 540.2 581.4 508.6 494.2 997 998 999.8 1000 1000 1000 999.8 999.8 1000 1000 999.8 1000 999.8 983.6 938 881.8 835 837 725.4 616.4 421.8 253 147.6 435.4 124.4 20 -9999 -9999 -9999 -9999 -9999 -9999 -9999 -9999 -9999 -9999 -9999 -9999 -9999 -9999 -9999 -9999 -9999 -9999 -9999 -9999 -9999 -9999 -9999 -9999 -9999 -9999 -9999 -9999 -9999 -9999 -9999 -9999 -9999 -9999 -9999 -9999 -9999 -9999 -9999 -9999 -9999
478.2 472 440.2 438 766.8 896.4 436.2 775.4 994.4 995.2 545.8 646.4 995.8 996.6 999.8 1000 999.8 1000 1000 999.4 1000 1000 990.2 603.4 988 950 937.2 929.8 938.8 911.8 728.8 694.8 196.8 152.4 181.2 249 19.4 -9999 -9999 -9999 -9999 -9999 -9999 -9999 -9999 -9999 -9999 -9999 -9999 -9999 -9999 -9999 -9999 -9999 -9999 -9999 -9999 -9999 -9999 -9999 -9999 -9999 -9999 -9999 -9999 -9999 -9999 -9999 -9999 -9999 -9999 -9999 -9999 -9999 -9999 -9999 -9999 -9999 -9999
