results/niche_models/brt_avg.asc
NCOLS 720 
NROWS 960 
XLLCORNER -60 
YLLCORNER -40 
CELLSIZE 0.0416666666666667 
NODATA_value -9999 
[rows 385 to 419 of 960, columns 395 to 473 of 720]
501.6 69.2 104 83.8 125.2 116.4 97 97.6 996.6 804.8 848 905 998.2 1000 1000 1000 861.2 627.8 1000 1000 956 1000 828 999.4 526.2 984.6 1000 1000 88.4 77.8 55 375 978 606.2 1000 996.4 986.4 999 972.8 317 98.8 888.8 962.8 743 1000 999.2 999.8 999.8 999.8 999.6 999 798.8 385.2 524 283.2 27 172.2 995.6 972.8 996.4 995.6 996.4 996.6 997.4 997.4 647.8 626 986.8 889.4 370 985.4 926.4 951.6 860.8 157.6 4.6 938 972.6 950.8
69 73.8 70.2 80.4 332.2 142.4 106.2 161.8 912.2 897.8 873.2 872.4 1000 1000 841.4 715.4 887.4 889.8 1000 999.8 994.2 495.8 999 999 999.8 1000 1000 123.4 80.6 111.4 46.8 172.2 985.4 83.8 73.4 123.8 73.4 211.8 802.8 284.8 195.6 366.8 987 1000 999 1000 999.4 999.4 999.8 999 917.6 929.4 467 954.6 922.2 994 996.4 997.2 997.2 996.4 997 996.4 996.8 997.6 994.6 879.8 377.8 370.8 366.8 86.8 185.6 132.4 293 223 31 5.2 5.4 254 941.4
63.6 108.6 81.2 77.4 85.4 794.4 127.2 281.2 722.8 867.4 864.6 878.8 1000 1000 1000 405.2 586.4 154.6 263.6 997.8 803.6 998.2 990.6 999.4 1000 1000 999.6 998.2 117.2 89.2 54.8 231.8 729 999.2 514.8 271.6 649.4 964 794.6 266 148.8 63.6 992.2 1000 1000 999.2 993.4 998.4 996.4 998.8 994 979 954.8 971 997 997.4 997.6 997.8 997.4 996.4 994.4 996.6 987.2 926.2 874 845.2 734.2 200.2 3.2 2.8 15.2 93.6 3.2 131.8 3.4 837.6 264.4 3 4.4
70.8 86.6 70 78.8 121.4 993.6 125.4 690.8 426 880.8 883.6 870.2 813.6 999.8 527.2 633.4 828.4 1000 999.6 999.2 991.6 997.4 995.4 995 996 996.4 987.4 994 990 977 512.4 984.4 982.4 144.4 837.2 1000 567.4 993.2 991.2 961.2 975.6 979.2 998.6 934.2 1000 998.8 991.4 977.4 981.4 961.8 974.4 910 871.8 953.8 996.8 983.8 997.6 998 992.6 987.6 983.4 979 851.4 831.8 789 532.2 606.2 7 6 91.4 976.2 909 382.4 20.8 3.4 28.6 32.4 572.8 27.2
77 81.2 74.4 92.8 843.4 494.2 127.2 250.6 787.4 839 875.2 812.4 805.8 1000 1000 993.8 1000 1000 1000 1000 595.6 998 999.4 636.2 994.4 1000 994.6 985.8 156.6 706 958.6 975.6 105.4 923.6 999.4 825.8 522 970.4 978.4 959.4 999.6 998.2 999.6 999.2 907.4 993.4 884.6 983.6 968 19.8 320.6 31.8 784 841.8 818 846.2 996.8 998 997.6 997.2 970.6 997 870.6 889.6 871.2 760.4 725.2 941 912.4 925.2 983.6 936 884.8 357.6 716.2 535 42.6 851 86.4
86.2 90.4 79.4 551.6 900.6 877.2 249.6 251.6 852.2 877.2 992.8 1000 988.8 1000 1000 992.6 986 886.6 1000 1000 993.8 699.2 999.6 996.6 988.4 998.8 994.4 74.6 137.6 71.8 849.4 970 981.8 430.4 338.6 999.6 984.4 971.2 970.6 981.6 989.6 960.8 975.4 583.6 968.2 983.2 999.4 999.2 999.2 529.2 861.4 865.4 819.2 770.2 807.8 920.2 997 997.6 997.4 971.6 981.2 991.4 990.4 945 811 430 67.6 989 981 986 954.2 407.6 172.4 609 169.6 957 953.6 944.2 223.8
84.8 89.2 90.2 994.6 870.4 883 857 297.2 851.4 887.2 861 991.6 1000 1000 1000 863.4 1000 665.6 1000 1000 894.4 1000 1000 1000 991.2 990.2 280 253.4 912.8 55.2 846.8 51.6 78.2 920 998.8 588.2 967.6 982.4 980 962.4 955 564.6 116.6 775.4 951.4 982.4 998.8 1000 999.8 90.4 966.6 905.4 227 829.4 792 994.8 923.6 987 992.2 997.4 998.2 998 987.6 761.2 214.2 3.2 211.8 985.8 988.2 947 928.8 746.2 92.4 376.6 236.8 165.4 258 790.8 136.2
123.4 92 82.4 981.4 893.6 891 428.8 676 888.6 872.2 1000 1000 998.6 1000 825 864.2 1000 992.4 356 353.2 843.8 798.8 998.2 998.4 220.6 951.2 997.6 995.4 994.6 973.4 104.4 87.4 609.4 999 1000 995.2 79.8 58 935.6 947.2 933.8 961.8 969.8 929 969.4 979.8 997.2 997 997.2 21.2 934.2 878.8 904.4 11.8 97 987 827.2 840.4 998.6 998 998 997.6 820.6 459.2 479.8 690.6 110.8 883.2 925.8 953.8 759.6 757.6 801.8 859.6 268.6 147 132.2 931.2 118.2
85 79 99.8 883.2 882.2 898.2 856.4 879.2 1000 922.8 1000 967.8 1000 1000 794.6 1000 985.4 999.8 994.4 380 850 877.2 879.8 1000 999.2 994.4 999 992.2 511.6 45.8 41.4 321 992.2 997.8 1000 999.6 990.8 989.2 990.4 953 933.2 934 911.4 918.8 970.4 997.4 968.4 958.2 969 721.2 162.2 836.2 88.2 716.4 768.6 947.8 639.8 517.4 834.4 808.4 764.8 660.6 122.8 635.2 922.8 967.4 860.6 967.4 921.2 942.6 964.6 918.8 676.4 78.8 567 128.8 122 576.2 99.2
103 101.4 467.4 872.8 896.8 896.6 897 1000 899.6 890 871.6 1000 1000 1000 1000 970.4 991.4 995.4 937.2 973.6 677.8 1000 1000 1000 998.4 992.8 994.4 999 996.8 700.6 375.4 70.6 42.6 175.6 1000 999.8 999.4 984.6 981.2 977 902.6 920.2 763 741.2 951 943.2 974.2 959.2 904.6 340.6 195.6 766.2 648 621.2 218.4 381.2 42.2 136.8 7.4 7 3 3.2 743.2 842.4 893.2 976 964 925.8 983 943.6 956.6 893.6 943 100.8 153.4 132.8 126.2 134.4 102.4
95.2 106.4 978 978.6 892.8 894.4 885.8 876.8 873.4 1000 872.6 1000 1000 454.8 602.2 647.2 728.8 995 995.8 994.6 752.6 983.4 1000 1000 996 994.8 991.6 997.4 997 73.4 547.2 301 901.2 148.8 993.4 997.6 996.4 997.6 1000 980.4 945.8 597.6 865 262.4 913.6 948.8 934.6 922.6 726 770 970.8 819.8 290.2 7.2 577.8 7 749.6 890.6 722.4 728.8 223.8 533.2 883.4 947 924.8 950 766.2 987.8 215 950.2 954.6 945.4 113.4 694.8 108.2 171.8 304 862.8 993.6
101.4 122.2 1000 881.4 894.4 870.2 852.8 870.8 982.8 996.2 895.2 834 1000 402 834.8 879.8 961 994.8 993.6 109 874 981.4 1000 999.8 996.4 994.4 931.4 775 989.2 983.2 425.4 107.6 999.4 42.8 45.6 983.8 1000 1000 998.8 964.2 960 937.2 168 31 184.4 328 310.6 847.2 577.6 948.4 746.6 174.6 6.8 6.4 8.6 46.4 883.2 876.2 854.6 835.6 268.8 954.8 973 983.8 906 978.6 979.2 974.4 987.6 988.6 332.2 537 107.4 119.2 205.6 148.2 997.6 993 977
98 125 885.6 896.4 887.6 871.6 712.4 991.4 871.2 682.8 710.2 794.6 999.8 455 894 877 946 995.4 995 994.2 1000 1000 999.6 996.6 995.8 995.6 970.4 987.8 986.4 337.4 983.2 999 988.8 130.6 980.8 999.6 1000 999.6 996 977.6 918.8 790.4 174.4 13.6 7.2 4.2 6 16.2 10.6 8.4 8.8 8 864.2 865.8 827.8 994.4 996 996.8 909.8 559.2 588.2 979.2 999.6 996.2 992.4 987.6 999.6 992.4 978.2 989.4 980 120.4 159.8 393.8 142.8 160 338.2 162.2 579.4
988.4 996.4 892.4 997.8 888 891.2 514.4 995.2 710.8 707 994.6 1000 486 544 234.6 839.4 991.8 995.2 994.4 989.2 999.8 1000 1000 995.6 996.4 981.4 92 721 971.4 878 986 914.4 108.8 948.8 987 976.8 987.4 985.8 964.6 960.2 953.4 88.6 17.8 32.8 179.4 27.4 19.4 17.2 699 548.4 85.6 855.4 967.6 997.2 999.4 999.6 1000 986 804.6 774 229.6 841.8 985.4 999.8 998.4 941 813 1000 999.2 989.8 961.6 138.6 963.6 993.4 186 157.4 293.6 436.8 991.4
179.4 827.8 1000 994.4 1000 1000 999.8 443 888.4 439.8 379.4 675.8 984.4 633.2 510.6 997.4 992.4 994.8 990.8 994 994.6 1000 1000 997.6 994.4 968.6 939 336.2 589.8 938.2 342.2 50.8 54.6 377.8 964.8 969.8 983.8 965.4 780.6 324 22.2 72.4 77.8 969 970.6 912.4 995.6 968.2 796.4 937.6 982 995.2 971.2 986 999.8 1000 999.2 974 978 854.8 16.2 153.8 919 978 998.4 998.6 210 180.2 821.4 989.4 713.2 318.6 205.2 860.2 147.8 980 996.6 947.4 981.2
667.8 884.6 1000 1000 1000 981.6 852 506.4 249.4 271.8 368 366.6 509.8 674 239.2 452.6 222.6 844.2 318 993.8 993.6 964 1000 995.4 977.4 951 963.2 69.2 979.8 663 927.8 992 990.6 58 60.2 64 880.6 872.2 750.4 88.2 567 744.6 50.2 953.4 994.2 988.6 974.2 941.4 893.2 50 999.8 949 984.6 986.8 999.6 998.8 996 995.6 979.2 740.8 404.4 690.4 152.2 30.8 998.8 997.4 999.6 998.8 938.8 725.8 366.4 864 999.8 997.6 994.8 995.4 998.4 999.2 997
881.4 876.4 873.2 897.2 993.6 1000 877.4 508.4 252.2 512.6 377.8 982.2 1000 682.8 1000 999.8 994.4 995.6 995 994.4 988.6 988.6 69 528.6 112.2 991.2 417 80.4 538.4 422.6 758.4 993.6 982.6 361 63.6 32.6 39.8 680.2 60.6 194.2 772.6 29.6 97.8 378.8 982.8 246.8 999.6 1000 170.4 906 999 939.8 544.6 999.2 1000 1000 986.4 954 960.8 905.8 755.6 113.8 23.2 67.2 999.4 999.8 999.6 999.4 991.6 1000 1000 1000 1000 999.6 996.2 996.2 994.2 997.6 994.6
887 870.4 891.2 890.4 896.6 893.8 899.2 707 463.8 748 670.2 1000 999.4 801.2 1000 995.8 995.6 999.6 999.8 999.8 990.4 972.6 995.4 989.2 226.4 995.2 995.8 994.8 262.8 224.2 996 994.2 991.4 991 51.4 67.2 26.6 54.4 53.4 53 214.6 449.4 993 999 998.2 995 1000 996.8 25 904.6 999 977.4 35.4 911.6 998.8 963 975.4 998.8 989.4 947 747.4 949.6 932.2 999.4 998.6 999.4 999.4 999.6 1000 1000 1000 999.8 999.8 999.8 999.8 999.8 990.8 993.2 989.6
1000 1000 1000 873.4 977.8 1000 896 895.6 680.8 678.2 890.8 1000 982.4 848.4 986.8 423.6 995.6 998.8 995.4 995.2 70 998.2 999.8 997.8 998 974.6 74.4 920.6 87.6 83.2 978.2 975 379 960.2 858.8 43.6 17.6 240.4 261.8 68.6 34.6 85.8 843.8 1000 998.2 998.2 1000 999 60.4 940.6 998.2 995.8 28.6 999.6 995.8 992.2 1000 999.4 980.4 960.6 941.2 967.4 986.2 999 999 999.8 1000 1000 1000 999.8 999.8 999.6 999.8 999.8 999.8 999.8 999.6 999.6 999.2
1000 1000 895.8 890.8 881.4 893.8 891 697 660.6 505 874.2 909.4 893.8 897.8 1000 999 995.6 996 996.2 993.2 996.2 1000 996.4 992 986.2 939.8 910.6 59.4 69.4 258.6 61.8 91.2 164.4 442.2 38.6 20.2 113 512 92.2 53.8 439.6 30.8 68.4 999.4 1000 1000 999.6 999 998.6 972.8 43.8 63.4 999.2 999.6 999.8 998.4 999 992.6 983 973.6 975.2 990.2 983 999 999.8 999.8 999.8 999.8 1000 999.8 999.8 999.8 999.8 999.8 999.8 999.8 999.8 999.2 999.4
1000 1000 886.4 892.2 898.8 898 893.2 750.2 838 1000 825.2 898.2 898 314 996.8 376.8 958.8 996.4 994.8 994.4 1000 999 996.6 985.2 936 208.2 195 94.2 61.8 145.8 85 57 55.8 43.8 204.6 45 90.4 951.8 997.4 951.6 46.6 535.6 999.6 1000 1000 1000 1000 999.6 967.8 965.4 995.8 988.6 1000 999.6 999 999.8 998.4 992.2 969 981.6 985.6 990.8 919.8 999 999.4 997.2 999.8 999.8 999.8 998.8 800.4 998.4 999.8 999.8 999.8 999.8 947.6 998.6 999.6
902.8 1000 885.8 891.4 889.8 927.4 858.2 836.2 680.2 823.2 685.6 878.6 878.8 997.4 997 997.2 999 996.2 992.4 996.6 1000 998.2 991.6 991.6 989 110 101.8 65.8 993.6 994 943.8 462.4 63.4 87 81.4 138.4 51.6 851.6 987.6 863.8 986.8 942.4 536.6 1000 1000 1000 1000 995.4 999.8 984.2 982 999.6 999.8 1000 1000 999.6 996.6 998.2 984 985.6 991.4 977.6 901.2 999 998.8 995.6 997.8 998 290.2 830 999 998.6 927.2 981.6 999.8 999.8 999.8 999.6 904.4
874.8 894 889.4 888.6 888.6 893.2 878 768 875 873.8 844 983.8 859.6 308.6 988.6 996.6 999.8 995.2 994.6 997.6 1000 999 994.6 983.6 77.8 91.8 117.2 513.8 889.4 324 396.2 741.8 334.8 851.8 783.6 933 71 896.2 278.6 154.4 991.8 774.4 116.6 1000 1000 1000 999.8 999 995.8 999.8 982.6 1000 1000 1000 1000 999 985 998.6 985.6 965.6 940.8 813 996.8 998.4 996.6 990.4 996.4 934.2 926.6 792.2 998.8 998.6 963 999.6 999.8 999.8 997.4 999.6 999.6
887.4 890.8 883 874.2 895.6 897.4 869 890.2 875.2 1000 1000 964.4 152.4 996.6 992.6 996.4 995.2 988.8 996.4 999.8 1000 647.4 920 62.8 56.8 186 987.2 983 669.4 619.4 894.8 932.6 124.2 303.8 436.2 971.6 998.2 840 254.8 989.4 999.6 978.4 129.8 999.6 1000 999.8 998.2 1000 1000 901.8 991 996.4 999.6 1000 1000 997.4 997 987 977.4 940.8 967 506.6 895.6 723.6 992.8 993 737.4 995.8 996 787.8 999.4 996.8 997.2 999.8 945 478.6 999.8 999.8 983.4
889 879.8 668.4 982.8 898.8 883.2 891.6 871.8 985 908.8 980.6 131.6 993.6 999.8 990.6 995.4 995.8 995.8 999 1000 996.2 987 929.2 986 488.6 995.8 994.8 909 980.6 979.2 941.6 853 326 962 902.2 953.4 998.4 966.2 91.4 404.8 999.6 967 625 999.2 1000 1000 997.6 1000 999.4 999 999 998.8 996 998.6 996.4 986.8 986.2 987.6 962 927 978 819.2 400.6 647.2 996.8 997 610.2 423.6 962.2 373.6 998.4 977.6 615.8 977.6 999.8 999.8 628.2 999.8 998.4
621.6 201 815.6 871.8 906.8 936.2 900.6 897.6 903 1000 999.8 995.8 994.8 990.4 995.8 997 999 999.8 999.8 999.8 993.6 983.6 74.2 102.4 943.8 996.4 999 994 980.2 936.2 975.8 824.8 989.4 988.8 537.2 934.8 999.4 976.4 998 1000 1000 996.2 999 1000 1000 1000 1000 1000 997.6 997 999.8 984 998.2 999.4 983 984 963.8 976.8 980 983.6 979.4 857.8 508.6 987.2 997.6 998.2 998.2 990.8 903.6 999 998.4 969.4 864.6 665.6 597.2 999.6 985 657.2 1000
340.6 388.8 887.4 891 900 911.8 892 890.4 893.4 901 901.6 905 993.6 995.2 996.6 999.8 1000 1000 1000 997.8 992.4 496.6 214 547 764.4 996.8 999.8 999 995.4 963.8 990.8 986.2 981.8 999.4 987.6 982.6 997.6 990 1000 1000 1000 1000 997.6 1000 999.6 1000 999.8 997.8 985.4 979.4 989.8 981.6 999.8 999.8 984.6 968.6 960 983.4 990.8 984.4 983.4 933.4 530.4 939.6 993.8 999.4 999.2 984.8 346 392.8 847.6 998.8 995.2 964.8 995.4 863.6 966.8 966 999.2
835.8 174.4 732 891.2 885.2 886 921.8 883.4 891.4 880.2 1000 999.6 990.4 995.8 998.4 1000 1000 1000 1000 989.8 995.8 994.6 992 990.2 990 989.4 999.8 999.8 997.8 993.6 987.6 982.6 907.4 994.2 993.4 918.6 1000 1000 1000 1000 1000 999.8 998.2 1000 998.8 1000 1000 997.2 993.2 980.8 982.4 979.4 986 991.4 973.8 947 968.4 967 969 857.2 796 995 910.4 930.8 970.2 996.4 998.2 998.2 998.2 558.2 993.8 865.4 926 949.2 993.8 994 913.8 720 997.4
887.2 188.6 205.4 620.4 903.6 899.8 1000 1000 876.4 375.4 853.8 620.6 998.8 1000 1000 1000 1000 999.8 994.4 996.2 994.4 993 742.6 111.8 558 149.8 993.6 1000 998.6 994.4 984.8 985.6 987.6 982.8 999.8 992.8 999.8 999.8 1000 1000 1000 1000 1000 1000 999.6 1000 999.6 998 997.8 989.4 984.4 968.6 968 986.2 963.8 971.4 988 964.6 797.4 614.4 537.8 552.8 895.4 815.4 990.6 999 999.2 999 956.4 999.6 996.4 483.4 917.2 487.4 914.8 643.2 801 995.8 544
843 1000 316.2 144.6 898.4 222.4 167.4 929 128.6 124.8 83.8 992.8 1000 1000 1000 1000 999.4 995.4 991.6 992.2 355.4 248.4 78.4 762 888.8 338.6 113 750.2 994.8 975 992.6 992.8 990.2 649 589.4 1000 992.4 1000 1000 1000 1000 1000 1000 1000 1000 999.2 998.8 990.4 991.4 991.4 987.8 961 879.2 978.2 880.8 968.8 982.8 962.8 197.6 483.6 633.4 707.2 988 997.8 995.6 211.2 973.8 999.2 998.6 999.8 993 338.6 381.4 495.2 443 469.2 897 996 921
216.2 1000 565.2 130.4 145.4 998.6 132.8 79.6 525 265.2 992 313.6 206.4 1000 1000 999.8 994.8 602.4 82.6 105 999.8 1000 955.6 102.6 921.2 334 164.6 1000 999.8 186.8 994.2 1000 1000 1000 1000 1000 1000 999.8 1000 1000 1000 1000 1000 1000 999.6 998.8 1000 996.4 991.4 990 975.4 960 801.2 898 805.2 974.4 973 986 979.4 843 898.8 881.8 993.4 998.4 871 704.2 613 992.4 977.8 918.4 448.4 989.2 452 393.4 398.8 408.2 425.6 984.2 958.4
891 1000 910.2 362.8 87 993 996.8 990.8 991.8 999.2 636.8 725.2 964.2 998.2 1000 996.2 933 996.2 742.4 999 1000 1000 559.4 100 636 978.2 128.6 1000 999.8 990 994.2 994 811.8 1000 1000 1000 1000 999.8 1000 1000 1000 1000 1000 1000 999.6 994 994.6 1000 989.6 993.4 987.4 979.2 836 771.4 751.6 814.2 956.8 961.8 962.2 976.6 900.2 994.2 981.6 964.4 996.6 998.2 392 934.2 850.2 824.2 994.2 443.6 369 314.6 749.6 992.2 489.2 358 286.6
186.6 913.2 762.4 346 998.6 946.2 592.6 996.6 995.8 1000 1000 851.6 999.8 1000 999.4 991.2 998.2 1000 989.8 999.8 1000 1000 852 639 1000 954.2 200.8 514.8 888.6 1000 994.8 994.8 1000 1000 1000 1000 1000 1000 998.6 999.8 1000 1000 1000 1000 998.6 997.4 995 993.6 990.8 982.4 979 970.2 969.8 946 792 531.8 814.4 802.6 880.2 964.6 720.2 991.4 995.6 254 995.8 998 997.2 999 996 276.6 874 435.6 432.6 999 387.2 398 291.2 718.4 384.2
92.6 716.2 903.8 719.2 999.8 995.6 542 709.8 221.6 1000 1000 1000 1000 999.2 994.8 995.4 999.8 1000 519.2 991.2 999.8 1000 338.6 111.4 999.8 993 999.8 997.8 1000 1000 1000 1000 997 1000 1000 1000 999.6 1000 999.8 1000 1000 1000 1000 1000 999 1000 1000 994.8 992.2 991 969 973.8 975 975.2 837.6 714.4 836 836.8 817 929.8 926.6 996 998.2 997.8 881.6 559.6 333.6 990.6 977.6 200.8 999 629 469.4 445.8 475.2 381 452.4 405.6 471.2
627.6 1000 484.8 105.6 998.4 763.8 752 217 905 912.8 1000 1000 1000 996.8 999.8 994.4 991.8 999.2 937.6 995.4 81.2 333.4 592 79 879.2 1000 1000 1000 1000 1000 1000 1000 1000 995.8 927.6 996 999.4 999.8 1000 1000 1000 1000 1000 1000 1000 1000 1000 997.8 996 993 887.4 822 946 855 643.8 840.6 955.4 837 638.4 887.2 868.2 842.6 997.6 995.4 998.2 885 334 995.8 290 721.4 534.8 411.8 426.6 465.8 458.4 444.8 385 379 427.2
