results/niche_models/glm_avg.asc
NCOLS 720 
NROWS 960 
XLLCORNER -60 
YLLCORNER -40 
CELLSIZE 0.0416666666666667 
NODATA_value -9999 
[rows 272 to 305 of 960, columns 390 to 467 of 720]
-9999 -9999 -9999 -9999 -9999 -9999 -9999 -9999 -9999 -9999 -9999 -9999 -9999 -9999 -9999 -9999 -9999 -9999 -9999 -9999 -9999 -9999 -9999 84.75 821 173 347.5 283.5 949 960.25 953 900 845 378 83.75 118.5 482.75 858 726.25 63.5 34.25 44.75 80.25 118.75 164 282.5 455.5 355.75 299.75 273.25 232.5 195.25 204 273.75 414.25 607.75 587.5 946.75 972.25 974.25 974.25 973.25 971.75 969.25 955 958 964.25 961.5 960.25 965.5 964.25 973.5 950.5 790.75 619.25 725 965.25 973.5
-9999 -9999 -9999 -9999 -9999 -9999 -9999 -9999 -9999 -9999 -9999 -9999 -9999 -9999 -9999 -9999 -9999 -9999 -9999 -9999 -9999 -9999 19 96.5 588.5 234 133.25 285.25 942.75 961.25 944 940.25 830.5 633.25 134.75 49.25 264.5 848 951.25 362.5 45 39 59.5 116.25 160.25 296.5 396.25 372.75 346.75 276.25 264.75 264.5 463.5 504.25 712.5 551.25 657.75 961.25 965.75 973.5 971.5 970 972.5 972.25 969 968.5 970 971 969.75 970.75 974 973 956.25 948.75 928.5 897 968.75 973
-9999 -9999 -9999 -9999 -9999 -9999 -9999 -9999 -9999 -9999 -9999 -9999 -9999 -9999 -9999 -9999 -9999 -9999 -9999 -9999 -9999 20.5 22.75 67.25 516.5 369 207.75 406.75 600.5 907.5 953.75 963 926 575.25 142.25 81.75 155.25 915.75 962.5 940.75 288.75 150.75 67 124.25 165.75 272.75 278.75 312.5 358 494.25 592.75 510.25 425 573.75 696.75 745.75 714 969 972.25 969 974.5 974.25 973.75 970.25 966 968.75 972.25 973.75 970 973.5 974 964 960 949.75 931.5 830.25 965.25 970.5
-9999 -9999 -9999 -9999 -9999 -9999 -9999 -9999 -9999 -9999 -9999 -9999 -9999 -9999 -9999 -9999 -9999 -9999 -9999 -9999 22 22 47.5 562 440.5 353.25 618.75 576.75 765.25 960.25 939.75 954 955 633.75 103.25 129.5 55.5 812 961.5 960.5 871.25 206.75 123.75 140.25 200.5 238 230.75 208 269 299.25 250.75 217.75 280.5 344.5 624.75 857.25 860.5 970.25 973.5 974 974.25 973.25 974.25 970.75 969.25 972.5 972.75 972 962.25 971 972.5 954.5 939.5 950.5 926.25 946 968.5 971
-9999 -9999 -9999 -9999 -9999 -9999 -9999 -9999 -9999 -9999 -9999 -9999 -9999 -9999 -9999 -9999 -9999 -9999 -9999 32.75 23.25 23.5 135 465.5 120.25 188.5 298.5 680 823.25 961.75 651.75 933.5 954 702.75 705.5 88.5 94.25 170.75 953.25 953.75 782.25 199 197.5 168.25 183.75 238.75 178.75 184.25 181.25 227.5 320.5 349.75 380 332.75 613.75 710.75 807 964.75 973.75 974.25 974.25 972.5 971.5 958 969.5 973 971.75 967 968.75 970.5 956.75 924.75 901.25 918.5 911.75 943.75 971 969.75
-9999 -9999 -9999 -9999 -9999 -9999 -9999 -9999 -9999 -9999 -9999 -9999 -9999 -9999 -9999 -9999 -9999 -9999 30.75 31.25 30.5 72.75 406.75 379 344.25 416.25 366 442.25 752.75 966.5 949 958.25 968.75 898.75 814.25 598.25 128.75 56.75 753 942.5 895.5 213 134.75 191.5 211.25 174.25 197 242.75 301 342.25 380.5 567.5 535 618.5 702 820.25 923.5 970.5 973.75 973.75 971.75 974 970 967.75 972 973.5 972.5 968.25 969.5 971 949 926.5 926.75 895.75 838 878.75 968.75 970
-9999 -9999 -9999 -9999 -9999 -9999 -9999 -9999 -9999 -9999 -9999 -9999 -9999 -9999 -9999 -9999 -9999 21 28.25 43.75 113.25 503.5 403.75 592.5 345.75 588.25 791.75 633.75 811 969.5 970.75 967.25 967.5 909.75 754.5 930.25 505.25 127 80 206 179.75 76.25 113.25 120.5 111.75 145 225.75 224.25 222.5 458.25 348.5 503.75 622.75 657.75 633.25 776.5 905.5 972 974.5 974.5 974.25 974.25 972.5 972.25 972.25 973.25 972 955.25 972 966.25 957.25 932.5 945 959.5 947.5 956.5 967 968.25
-9999 -9999 -9999 -9999 -9999 -9999 -9999 -9999 -9999 -9999 -9999 -9999 -9999 -9999 -9999 -9999 21.75 23.25 26 47 84.75 235.25 369.5 323.5 298.75 159.75 305 266.25 748.25 917.5 971 963.75 966 707.25 706 951.75 929.5 410.5 190.5 113.25 100.75 65.25 96.5 103.5 150.5 161.75 167 217.25 315.25 367 285 360.25 593.5 553 674.5 846 945.75 973.5 973 973.75 974.25 973.25 973.75 968.75 970 973.75 972.75 969.25 972.75 973 963.75 955 958.5 968 956.75 935.5 933.5 962
-9999 -9999 -9999 -9999 -9999 -9999 -9999 -9999 -9999 -9999 -9999 -9999 -9999 -9999 -9999 20.25 20.5 21.5 21.75 22.5 41 57.5 174.5 153.5 64.25 80.5 90.75 74.5 230.75 769.75 972.5 971.25 965.75 832.5 812.25 933 963.5 797 578.75 175.5 179 134.5 127 144.75 110.25 147.25 288.25 222.25 321.75 484.75 497.75 483.25 584.25 637.75 608 815.25 963.75 970.75 973.25 974.5 974.5 973.25 972.75 973.5 969 971 969.25 972 972.5 967 964 967.75 964 965.25 956.75 942.25 927.5 940.75
-9999 -9999 -9999 -9999 -9999 -9999 -9999 -9999 -9999 -9999 -9999 -9999 -9999 -9999 18.25 19.25 19.75 19.5 18.75 20.25 31 33.25 27.75 45.75 51.75 42.25 56 46.25 78.25 545.75 969.75 963 931.25 795.25 901.25 942.25 951.5 940.5 718.75 305.25 140 193 134.25 123.25 157.25 167.75 210.25 262 347.25 415.25 546.5 599.25 760 809.5 785.25 952 972.25 974 973.75 973.5 974.5 972.5 971.5 973 970.5 973.25 972.25 972.75 973.25 969.75 958.5 962 949.5 950.5 933.75 913.25 900.75 952
-9999 -9999 -9999 -9999 -9999 -9999 -9999 -9999 -9999 -9999 -9999 -9999 -9999 17.25 18 20.75 19 19.25 19 19.5 19.25 21.5 21 104.25 54.75 23.25 22.25 27.25 45.5 188.75 955 920.5 194.75 213.75 814.5 951.5 936.25 848.75 712.5 291.75 120.5 186.5 206 180.75 161.25 172.75 274.25 344 499.5 520.75 594.25 591.5 648.5 646.75 828.75 962 973.25 973 972.75 974.5 974.25 973 974.5 973.75 973.25 974 974 974 973.25 968 965 957.25 962.5 955.25 940.25 957.75 957.75 966.25
-9999 -9999 -9999 -9999 -9999 -9999 -9999 -9999 -9999 -9999 -9999 -9999 18 17.25 17.75 17.75 18.25 18.25 19 23.75 31.25 24.75 25.5 69.25 39.5 23.5 27.75 23.25 32.75 82.75 464 273.25 438.25 631.25 874 917.25 914.75 805.5 802.25 375.75 183 475.5 271.25 230.5 311.75 309 353 371.75 524.75 610 575.75 672.75 751.25 716 878.25 969 974.25 974.5 972.75 972.5 974 974.5 974.5 974.75 974 973.75 972 970.75 973.25 969.25 965.5 962.25 968.25 967.5 958 965 969.25 968.5
-9999 -9999 -9999 -9999 -9999 -9999 -9999 -9999 -9999 -9999 -9999 17.5 17.75 18 17.5 17.75 18 18.25 18.75 19.5 44 460.75 182.25 52.75 30 26.5 53.75 37.75 42.75 66.5 531.25 579.25 675 871.25 936 881.25 956.25 963.5 883.5 670 506.25 943 911.75 633 436 306.75 350.75 540.75 561.5 590.75 661.75 758.25 918.25 918 969.5 973.5 974.25 974.5 967.25 968 973.5 975 975 974.75 974.25 973.75 969.5 973 973.75 970.25 967.5 967.75 968.25 969 963 970.25 971.25 970
-9999 -9999 -9999 -9999 -9999 -9999 -9999 -9999 -9999 -9999 17 17.25 18.5 19.25 19.25 17.25 17.25 17.75 18.25 18.75 19.25 66.5 351.25 581.75 80.75 41 84.25 163 116.5 54 565.75 537 598.5 887 960.25 912.75 959.75 973 969.5 870.75 462.25 892 949.25 951.75 753 454.75 396.75 536 615.75 729 774.75 808.5 926.75 963 972.5 972.75 974.5 973.75 967.75 973.5 975 975 975 974.75 974.75 971.75 964.25 969.75 965.75 972.5 970.5 969.25 970.75 971 963.5 964.75 963.25 969.5
-9999 -9999 -9999 -9999 -9999 -9999 -9999 -9999 -9999 17.25 17 17 17.75 18.5 18.5 17.25 17.25 17 17.5 18.25 19.5 28.25 323 486 648.75 51 68.75 166.75 133.75 99.5 545.5 641 668.75 888.25 890.25 941.5 958.5 974 972.25 961 766.5 591.5 919.5 957 919.25 627 548.25 738.25 840 868.5 840 818.25 941.75 968.25 971 973.5 974.25 974.75 973.5 973.5 974 974.75 974.75 974.75 974 965 961 966.75 967.75 971.5 970.25 971.5 971.75 972 967.75 968.25 970 966
-9999 -9999 -9999 -9999 -9999 -9999 -9999 -9999 18.5 17 17 17.25 18.5 19.75 19.75 17.5 17.5 17.25 17 17 18.25 19 72.25 513.25 672.25 193.5 54 275.5 49.75 95.5 632.75 757.75 793.5 875.25 837.5 939.5 929.5 972 965.75 967.5 935 714.25 923.25 960.75 955 789.25 778.25 789.5 886.25 818.75 764.25 863 932.75 974.5 974.5 973 973.5 973 973.75 972.25 974 974.75 974 972 968.25 968 952.25 964.25 963.25 967.5 971.25 961 968.75 968.75 967.5 967.5 970.25 968.75
-9999 -9999 -9999 -9999 -9999 -9999 -9999 20.75 18 17 17 17.25 17.75 20.5 28.25 17.5 18 18 17.5 17.5 17.25 17.75 19.5 80 107.25 493.5 106.25 77.5 102 23.75 87.25 832 811 740.25 953 931.75 958.75 973.25 965 960.25 942.75 456.5 860.25 967.25 968.5 957.25 944.25 904 853.25 799.5 904.5 908 946.75 972.5 974.75 973.75 973.25 974.25 973.75 973 974 973 971.25 972.25 960.5 960.25 946.5 950.5 965 970 972.5 964.5 967 966.75 964 965 969.5 971.5
-9999 -9999 -9999 -9999 -9999 -9999 17.5 17.25 17 17 17 17 17.5 17.75 21 18 21.5 100.75 36 18.25 17.25 17 17.5 23 53.25 333 561.25 56.5 47.75 25 50.75 700 782 834 969.25 969.25 971.5 971.75 968 908 951.75 798 862.5 958.25 971.25 970.75 968.25 891.5 922.75 896.5 855 851.75 933 973.75 974.5 974.5 974.75 974 974.5 973.75 974.75 974.5 972.5 957.5 940.5 955.25 939.5 957 963 967.5 966.25 968 967.75 967.75 971 964.75 971 973.25
-9999 -9999 -9999 -9999 -9999 17.25 30 18.25 17.25 18 17.25 17.25 17.5 17.5 19.75 18 30.75 151.75 162.25 18.25 17.25 17 17.25 18 85.25 255.75 351 448.25 31.25 55.75 30 234.5 676.25 694 963.5 970.75 973 973.75 966.5 931 967 950 908.75 963 965.75 970.5 973 967.25 910 904 868.25 914.25 962.25 973 974.5 974.5 974.5 973.5 974.75 974.5 974.25 972.25 967 956.5 947.5 950 944.25 965 972.5 973 968.25 962.75 966.5 971 969.25 966 969.5 969.5
-9999 -9999 -9999 -9999 -9999 17 19.25 27.25 18 20.5 17 17 17.25 17 19.5 18.25 20.25 63.5 181.25 20 17.5 17.25 17.25 17.25 18.5 37.25 81.5 554.25 36.5 19.25 23.25 77.5 690.25 712 968.75 914 848.5 950.5 943.25 931.25 967.75 963.25 941.5 961 971 972 966 968.5 952.25 937.75 947.25 945.5 966.5 970.5 973.25 973.5 974.5 974.75 974.75 974.75 974.5 972.25 951.5 966.5 954.5 950.75 963.25 968.75 972.5 973 970 967.25 963 965.25 964.75 970.5 973.75 972.25
-9999 -9999 -9999 -9999 17 17 17.5 22.25 18.5 23.25 17.25 17 17 17 17.5 17.25 18.25 56.25 224.5 31 18.25 17.25 17.25 17.25 17.5 20.75 38.5 329 76.5 19.25 29.25 42.5 528.5 732 922.25 796.75 828.75 769.25 772.25 964.25 965.5 953.75 953.75 961.5 965 974 973.75 970.25 966 906.25 933.5 939 934 965.75 973.25 974.5 974.25 974.25 974.75 974.5 974 970.25 950.75 965 964.5 962.75 958 969 973.75 973 970.25 966.25 962.5 958.75 964.25 969.75 973.5 970.25
-9999 -9999 -9999 17.25 17 17 17.5 18.75 19 20.25 17.25 17 17 17.25 18.25 18 18 50.75 102.75 22.25 18 17.5 17.25 17 17 17.25 18.5 249.25 39.25 18.75 18.75 24.5 332.5 693.75 750.25 777.25 593.5 672 803.25 952 953 927 958.5 965.25 963 973.5 973.5 972.5 964.25 941.25 951.75 926.5 934.5 962.75 973.5 974 972.75 973.5 973.5 973.5 974 965.75 966.5 964.25 955.5 963.5 969 972.75 973.75 972.5 965 965.25 961.5 962 969 970 969.5 969
-9999 -9999 17 17.25 17.25 17.25 17.25 18.75 20.75 19.5 17.25 17.25 17 17.25 18.25 20.25 38.25 67.25 165.75 50.5 18.75 17.5 17.25 17 17.25 17.25 17.75 27.25 21.25 18.25 18.5 19.5 45.5 519.5 674 711 634.75 717.25 891 952 961.75 950.5 965 965 960 973.25 970.75 971.75 971 962.75 949.5 933.25 935.25 960.25 974.5 974.75 971 974.25 974.75 974.5 972.75 968.75 957.5 949.25 952.75 958.75 961 972.25 973.5 972.75 971.75 967.75 967 971.25 973.75 971.5 963 953.5
-9999 18.25 17.75 17.75 17.5 17.25 17.5 18.75 25.5 21.5 17.25 17.25 17 17.75 18.75 23.25 34 133.75 242.5 378.5 19.5 17.5 17.5 17.25 17 17.5 18.25 18.75 18.75 18.5 17.5 18.5 30 495.25 648.5 740.75 678.25 759.5 877.75 968.5 955.75 967 953.75 967 960.25 972.25 970.5 970.25 966.75 956.75 927 894.75 924.75 967.75 972 972.75 971.75 974.75 974.75 973.5 972.75 967.5 956 966.25 956.75 962.75 972 970.25 971.25 970 968.5 964 959.5 968.75 972.5 964.5 952.5 959
18.25 17.75 17.75 17.5 17.25 17 17 17.75 21.25 20.25 17.25 17 17 17.25 21.5 25.75 25 96.25 121.5 159 27.75 17.75 17.5 17.5 17.25 17.5 17.75 17.5 17.5 17.5 17.5 18 21.25 519.75 768 861.75 635 568 662.75 583.5 951.75 964.25 918.25 963.25 965.25 973 967.75 969.5 972.75 953.75 926.75 932.25 944 968.5 971.25 973.75 972 974.5 974.75 973.25 974.25 970.25 956.5 952.75 949.75 950 962 965.5 963 963.5 966 961.75 963 971.25 971.75 957.5 941.5 970
17.75 18 17.5 17.25 17.25 17 17.25 17.75 20.5 24.5 17.5 17 17 17.25 26 134.25 43 26 114.25 114.5 26.25 17.75 17.5 17.5 17.25 17 17.5 17.5 17.5 17.5 18.5 19 23.75 182.75 822.75 838 752.75 600 589.5 836.75 964.5 960.25 963.75 950.5 968.75 972.75 971.75 960 972.5 963.25 950 944.5 962.5 971.25 972.5 972.5 971.5 972.5 973.75 973.75 973.25 971 963.75 959.25 949.25 957.75 964.25 971 970.25 960.75 962.75 968.25 969 971.75 968.5 964.5 967 973.75
18 18.25 17.75 17.5 17 17 17.25 17.25 17.75 23.25 18 17 17 17.25 29 79 24.5 19.5 34 152 183.75 25.25 18.25 17.75 17.5 17.25 17 17.5 17.5 18.25 18.75 25.75 26 221.25 141.5 393.5 552.75 374.5 479.75 787.75 967 960.75 965.5 960.25 972.25 970 967.25 957.5 970.5 972.75 958 960 968 970.75 973.5 974.25 970.25 970 972.5 973.5 972.5 969.25 968.5 956.75 960.5 963.75 966.75 972.5 972 966.5 967 964 965.5 964.75 971.25 972.75 972.75 971.5
17.5 17.75 17.25 17.5 17 17 17.25 17.5 17.25 21.25 27 17.25 17 17 18.25 19 17.75 18.25 24.5 149.75 110.25 31.25 17.75 17.5 17.5 17.75 17 17.5 18.25 18.5 18.5 20.75 21 49.25 283.5 190.25 296.5 388.25 868.75 867.5 882.75 964.5 967.5 963.5 970.75 972.75 962.75 938.75 947.25 969.5 971.25 971.25 971.5 974.25 974.25 974.25 972.75 972.25 968.5 966.25 967.5 956.75 963.75 966.75 965.25 963.75 969.75 971 967.75 970.25 968 967.75 970.5 973.25 969 971.25 971.25 969.25
17.25 17.25 17.5 17.5 17.5 17.5 17.5 17.25 17 17.25 19 17.75 17 17 17.25 19.5 19 20.25 18.25 55.75 150.75 336.75 21.5 18.25 18.25 18.5 17.25 17.5 17.5 18.5 18.5 18.5 30.5 84.25 396 226.5 290 400.75 421 813 966.25 966.25 962.25 957.75 961.5 972.75 936.75 956.5 941.5 973.75 974.25 968.75 973 973.5 974 973.75 970.5 971.75 969.75 969 967 960.75 963.75 962.75 960.75 961 966 972.75 969.75 967.5 968.75 970.5 971.25 973.75 974 973.5 968 964
17.25 17.5 17.75 17.25 17 17 17 17.25 17.25 17 17 17.5 17.75 17 17 17 17.25 19 17.75 22.25 380.25 420 28.5 18.25 17.5 18.25 17.5 18.25 18.75 18.75 18.5 18.5 20 22 327.5 439 311.75 716.5 701.5 860.25 934.25 943.25 965.25 960.75 952 961.75 913.25 959 944.25 969.75 974 974.25 974.25 974.75 974.5 974.25 961.75 969 956.5 962 966.75 955 939.25 958.5 949.5 960.25 969.25 969.25 971.75 969 970.5 970 972.25 972.75 970.5 969.25 966.25 969.75
17 17 17.25 17 17 17 17 17.25 17.25 17 17 17.25 17 17 17.25 18 18 17.75 17.25 18.25 184 363 34 19.5 17.75 17.75 17.5 17.5 18.75 18.75 20.75 20 18.5 22 768.25 852.5 429.25 768.5 841.5 916.5 929.25 922.75 964 961.5 928 968.5 931.75 949 965.5 966.5 974 974.75 974.5 974.5 974.5 974.5 969.25 964.25 949.5 965.75 968.25 953.25 936 959.75 960.25 958.5 971.75 971.5 967 969.75 970 971.25 970 967 959.75 960 947 971.25
17.5 17.5 17.5 17.5 17 17 17 17.25 17.5 17.25 17 17 17 17 17.25 19 20.75 19 18.25 19.5 76.5 407 39.5 18.25 18.5 17.75 17.5 17.5 17.5 18 19.5 19.25 18.5 21.75 490 867 375.25 847.25 848.75 932.75 939.25 928.5 926.75 899 956 947 937.5 959.25 966 966.75 970.75 972.75 973.75 974.25 974.5 974.75 972.25 968.5 942 959 958.75 949 931.25 949.5 945.5 961 967.5 957.25 967.25 968.5 971.5 972 971.25 968.25 954 956.75 962.75 972.5
18 17.5 17.5 17.25 17 17 17 17.25 17.5 17.75 17.5 17.25 17 17 17.25 17.5 27.25 22.75 18.25 20.25 52.75 678 191.5 19.75 17.75 18.25 18.25 18 17.5 17.5 18 18.25 18.5 19.5 26.75 288.5 578.5 913.5 928.5 917.75 921.5 921.5 942 963.75 956 909 939 960.75 965.25 969.5 967.75 973.75 974 974.25 974.25 974.5 973.5 958.75 962 938.75 938 929 940 957.75 954 966.75 963.75 968.25 972.75 971.75 968.5 966.25 972.25 971.25 967 943.25 914.75 934.25
18 18 17.5 17.25 17 17 17 17.25 17.25 17.5 17.25 17 17 17.25 17.25 17.5 29.25 49.75 19.25 20.25 42.5 364.75 472.5 56.5 18.5 19.25 18.25 17.5 18 18 18 18 18 18.25 32.25 195.75 457.75 740.5 839 882.25 845.25 947 971.5 968.75 959.75 962 949.5 954.25 968.75 970.5 972 972.75 973.75 974.25 974.5 974.5 974.25 971.25 963 952.75 915.5 935.75 951.25 956.25 952.25 951.5 970.75 972 972.75 970.75 973.5 974 974 967.5 958.25 942.25 956.25 967
