results/niche_models/glm_avg.asc
NCOLS 720 
NROWS 960 
XLLCORNER -60 
YLLCORNER -40 
CELLSIZE 0.0416666666666667 
NODATA_value -9999 
[rows 442 to 475 of 960, columns 234 to 311 of 720]
-9999 -9999 -9999 -9999 -9999 -9999 -9999 -9999 -9999 -9999 -9999 -9999 -9999 -9999 -9999 -9999 -9999 -9999 -9999 24.75 25 30 114.25 38.25 32.25 37.5 99.5 388.25 233.75 260.25 280.25 257.5 184 223.25 529.5 478 439.25 746 770.25 135.25 259.5 383.5 807 926.25 686.25 572.25 805.25 917.5 948.5 851.75 382.5 363.75 772.5 897 601 732.25 941 714 787 504.5 655.5 909.5 922.75 798.5 670.25 894.75 834.5 860.5 895 937 949.5 955.5 959.75 951.25 963.75 962.5 959.75 961.5
-9999 -9999 -9999 -9999 -9999 -9999 -9999 -9999 -9999 -9999 -9999 -9999 -9999 -9999 -9999 -9999 -9999 -9999 -9999 267.5 205 394.25 105.5 49 31.5 41.25 82.25 163.25 198 224.75 405.25 751.25 758.25 802 647.25 849.75 902 833.25 498.5 495.25 479.5 819 103 42.5 42.5 424.25 781.5 185.5 843 867.5 930.25 805.25 846.25 920.5 598.25 622 780.5 902.75 857.75 868.5 803.5 793 923.25 859.25 780 771.25 714.5 836 910 945.25 940 953.5 927.75 940.75 947 965.25 963 963.25
-9999 -9999 -9999 -9999 -9999 -9999 -9999 -9999 -9999 -9999 -9999 -9999 -9999 -9999 -9999 -9999 -9999 -9999 -9999 85.75 57.75 40 28.25 33.5 35 32 37.75 110 550.75 420.25 473.75 310.75 348 543.25 311 492.75 603.5 579.5 460.5 560.25 373.5 788.25 63.75 37.5 32.5 49.5 38 50.75 37 48 871.5 806 942.5 925.75 907.5 951.75 888.25 907.25 876.75 882.75 895 895.75 862.75 858.25 849.25 876.75 774 772 882.5 960.5 954 957.5 956.75 943.75 951.75 952.75 950.25 964.25
-9999 -9999 -9999 -9999 -9999 -9999 -9999 -9999 -9999 -9999 -9999 -9999 -9999 -9999 -9999 -9999 -9999 -9999 57.25 57 45.25 28.5 29.25 40.75 32.75 29.5 45 106.75 582.75 615 314.5 283.25 276.75 415.75 765.75 715.75 682.25 581 760.75 692.75 409.75 615 681.75 650 40 35 40.75 43.25 64.25 73 897 869.75 942.25 941.5 944.5 904.5 938.75 945 952 617.25 897.75 887.5 804 853.5 788.5 837.25 885.5 876 858 944.25 961.5 971 965.25 965.75 962.5 963.25 959.75 950.25
-9999 -9999 -9999 -9999 -9999 -9999 -9999 -9999 -9999 -9999 -9999 -9999 -9999 -9999 -9999 -9999 -9999 -9999 138.75 38.25 48.25 21.5 37.5 38 42.75 79.5 86 98.75 502.5 691.75 217.25 268.75 276 384.75 500.25 519 401.75 279.75 458.5 687.75 435.5 520.5 398 446.25 846.75 734.75 872 62.75 102.25 69.75 914.75 893 931.5 957.5 951.75 941.25 958.75 952.5 871.75 888 835.5 919.25 922.25 912.75 875.75 730.5 920.75 904.25 868 899.75 962.75 971 971.5 970 969.25 967.5 970 968.25
-9999 -9999 -9999 -9999 -9999 -9999 -9999 -9999 -9999 -9999 -9999 -9999 -9999 -9999 -9999 -9999 -9999 -9999 86 118.5 24.5 52.25 59 37.25 80.25 325.75 465.75 523 587.25 328.5 241.5 263.5 261.25 294.75 368.75 502 543.75 515.25 596 583 314.75 200 382 764.25 876.25 946.75 937.5 99.25 46 865 919.75 938 56.25 71.75 943.5 951.5 956.75 962.75 950.5 904 860.25 865.25 917.75 931 856 883.25 917.5 948.5 941.5 962.5 969 966.25 966 968 968.5 970 970.25 972.25
-9999 -9999 -9999 -9999 -9999 -9999 -9999 -9999 -9999 -9999 -9999 -9999 -9999 -9999 -9999 -9999 -9999 21.75 257.25 68 58.75 44.25 48 54.75 182 580.75 359 172.25 144 132.25 149.75 183 245.25 354.25 502.75 507 626.25 640.25 808.75 626 370.5 199.25 338.5 610.5 885 888.25 935.75 935.75 60.5 79.5 920.75 935.75 926.5 925.25 944.75 961 970.75 970.75 962.5 935 911.25 937.25 954 945 956.75 963 956.75 962.25 964.25 968.75 968 966.25 967.75 964.75 966 965 964.75 968.5
-9999 -9999 -9999 -9999 -9999 -9999 -9999 -9999 -9999 -9999 -9999 -9999 -9999 -9999 -9999 -9999 -9999 225.75 107.25 78.5 58.25 49 53.25 154.25 369.25 277.25 196.5 137.25 100.75 137.5 157.75 169.75 268.25 316.5 450.25 498 468.5 678.25 730.5 810.75 593.5 366 277.75 28.25 73.25 802.75 880.5 842.25 793.5 906.5 931.5 61.25 922.5 956.5 940.75 970.75 972.5 972.75 967.25 966.25 958.5 955.75 964.75 966.25 959.75 962.25 967.75 965.75 965.5 964.5 966 969.5 971 971.75 970 970.5 968 965.5
-9999 -9999 -9999 -9999 -9999 -9999 -9999 -9999 -9999 -9999 -9999 -9999 -9999 -9999 -9999 -9999 -9999 129.5 102.25 99.75 124 153.25 357.25 280.5 213.75 89.75 198.5 179.25 157.25 85.5 151 206.5 183.25 332 333.5 458.5 541.5 606.5 799.5 757 839.5 668.75 666.25 610 28 35.5 455.25 653.25 718.75 880.25 966.25 952 901.75 947.25 959.25 959.75 971.75 970 972.75 966.25 964.75 964.25 968.5 968.25 965.5 969.25 970.25 970.25 966.5 968.75 970.25 971 972.25 971.75 971.25 971.25 972.5 969.25
-9999 -9999 -9999 -9999 -9999 -9999 -9999 -9999 -9999 -9999 -9999 -9999 -9999 -9999 -9999 -9999 53 92.75 135.25 287 153.5 112.25 176 309.25 217.25 110 114.5 164.75 124.75 125 123.25 144.75 198.25 201.5 214.5 347.75 567.5 678.75 797 847 862.25 781.25 838.5 759.5 791 41.75 42.5 612 708 870 841.25 923.25 937 954.25 957.75 960.25 962.5 966.25 968 969.75 970.75 971.75 966.25 970 970 963.25 968.75 967.5 967.75 972 971.5 969.75 971.75 972.75 972.5 972.75 972 969.25
-9999 -9999 -9999 -9999 -9999 -9999 -9999 -9999 -9999 -9999 -9999 -9999 -9999 -9999 -9999 -9999 71 102.25 135.75 325.5 321.25 177.25 178.75 123.25 59.5 61 59 109.5 91.5 88.5 150.75 81 71 304 255.75 271.5 352 456.5 688.75 792.75 814 840.25 704 839 48.75 45 100.25 122.25 59.5 46.25 913 804.5 910 953 954.25 970.75 972.5 972.75 971.5 972 973.5 970 966.75 970.25 964 961.5 969 970.5 968.25 971.5 972.75 972.75 973.25 973.25 974 973.25 973.5 972.5
-9999 -9999 -9999 -9999 -9999 -9999 -9999 -9999 -9999 -9999 -9999 -9999 -9999 -9999 -9999 -9999 46.25 47 67 50 53.75 62 52.75 63.25 70.75 74 61 51 48.5 65.25 83.75 104.75 96 104.5 183 880.75 447.75 636.25 714.5 813.25 789.75 802 758.5 812.5 883 702.5 731.5 789.25 124.5 65 904.25 909.5 956 963 953 961.25 964.75 963 969.75 957 971.75 972.5 970 970.75 966.25 962.25 962.5 968.5 971.75 971.5 972.25 973.5 974.25 974.5 967 969.75 972.5 972.25
-9999 -9999 -9999 -9999 -9999 -9999 -9999 -9999 -9999 -9999 -9999 -9999 -9999 -9999 -9999 -9999 51.75 76.25 48.25 49.25 38.75 35.25 41.5 62.25 59.75 52 40 43.5 52.75 53.25 80.75 109 92 663.75 694 799.25 456.5 634 723.5 870 733.25 689.75 877 889.25 884.25 36.5 715.75 921 58.75 54 91.25 932.5 961 954.25 936.25 958.5 955 936.25 947 956 968.75 957.75 965.25 972.5 969.5 955 955.75 960 969.25 968.25 973.25 972.5 966.75 966 948.75 961 963 970.5
-9999 -9999 -9999 -9999 -9999 -9999 -9999 -9999 -9999 -9999 -9999 -9999 -9999 -9999 -9999 162.75 75.25 56.25 36.5 53.75 53.25 39.75 44.25 42.75 56.75 63.75 46.75 49.5 51 53 49 69.75 78.25 95.25 724.25 227 696.5 609.25 774.75 810.75 873.25 855.5 794.5 907.75 907.5 883 800 755.25 791.75 893.75 907.25 93.25 947.5 903.75 939.25 954 962 951.75 959 970.5 959.5 913.5 949.75 966.75 965.75 932.25 935.25 953.5 970.25 969.75 973.25 968.25 949 949.5 950.75 947 953.25 968.75
-9999 -9999 -9999 -9999 -9999 -9999 -9999 -9999 -9999 -9999 -9999 -9999 -9999 -9999 -9999 86.25 177.75 99.25 109.5 82 50.5 59 59.75 75.5 72 78.5 78.5 57.75 53 50 85.75 82 84.5 154.25 370 457.25 616.25 571.75 774.5 590.5 822.25 746.25 677.25 805.75 850.25 862.75 850 834.75 894 916 193.5 940.5 948.5 932 911.25 922.5 958 962.5 965.5 967.5 952 949.5 969.5 972.5 971.5 969.25 968.5 972.25 972.75 967.75 970.75 970.5 965.5 965 967.25 967.5 967.25 972
-9999 -9999 -9999 -9999 -9999 -9999 -9999 -9999 -9999 -9999 -9999 -9999 -9999 -9999 -9999 35.25 44.75 44.75 68.25 256.5 144.5 68.5 57 59 129.25 145.5 89 54.5 51.5 57 74.75 77.75 76.5 76 136.25 154 461.5 878 375.5 376.5 309.25 411 535.75 842.25 691.5 723 928.5 804.25 84.25 207.75 399.5 965.25 952 942.75 940.75 926.25 955.75 960 967.75 969.5 971.5 972.5 972.5 971.25 970.25 970.5 969.75 970.75 959.25 967.5 970 970 944.5 933.75 956.25 967.25 961.5 971.25
-9999 -9999 -9999 -9999 -9999 -9999 -9999 -9999 -9999 -9999 -9999 -9999 -9999 -9999 -9999 29.5 30.5 31.25 60 203.5 542.5 470.25 277.5 115 202.25 134 112.25 97 77 89 100.25 66.75 101.25 110.5 733.75 181.25 522.75 378.25 237.25 367 716.5 649.25 442.5 564.75 636 927 943.25 795.25 815.75 917.25 950.25 963.75 956.5 942.25 946 919.25 912.75 946.75 959.75 949.75 963.75 960.75 965 963.5 885 816.25 968.75 968 953.5 958 970.75 950.5 876.5 940.5 966.5 965.75 962.25 971.75
-9999 -9999 -9999 -9999 -9999 -9999 -9999 -9999 -9999 -9999 -9999 -9999 -9999 -9999 -9999 31.75 27.25 34 47.5 87.5 298.5 189 528.75 498.5 191.75 137.5 225.5 78.5 103.25 94.75 79.75 80.25 139 195.75 264.75 243 178.5 272.25 577.5 501.75 538.75 649.25 626.75 789.5 793.75 937.5 944.75 888 756.25 836.25 920 926 926.25 931 943 946.25 959 964.5 967.25 967.25 962.25 964.75 969 969.75 973 972.5 972.5 959.5 965.75 971 958 804.75 856.25 941.25 962.5 961.25 971.5 971.75
-9999 -9999 -9999 -9999 -9999 -9999 -9999 -9999 -9999 -9999 -9999 -9999 -9999 -9999 -9999 45.75 33.25 29.75 83 94.25 67.75 54.5 53.75 41.25 76.75 95.75 74 64.5 57.5 89.75 111 119.5 153.25 153.25 249.25 220.25 661.25 540 170.75 247.75 369.75 563.75 522.5 637.25 946 938 941 961 913.5 797.75 873.75 867 628.75 696 889.75 950 958 965.5 967.5 972.25 968.75 970.5 970.5 971.75 972.25 973.5 971.5 973.25 973.5 971.5 968.75 962 967 969.75 953.25 850 956.75 969.75
-9999 -9999 -9999 -9999 -9999 -9999 -9999 -9999 -9999 -9999 -9999 -9999 -9999 -9999 -9999 53.25 44.75 35.25 32.25 63.75 27.75 35.75 36 61.25 38.5 33.5 63.25 46.75 41 62 92.25 657.5 118.25 923 820 841.25 697 591.75 160.25 204.25 272 572.5 514.25 898.25 943.75 942.5 943.25 952.25 961.5 921.25 928.25 882 678 674.5 638 889.25 964.5 959 951 970.25 973.25 968.75 970.5 971 972.25 970.25 968.5 970 966.25 973.25 972.5 971.5 971.75 961.75 971 971.5 971.25 962.75
-9999 -9999 -9999 -9999 -9999 -9999 -9999 -9999 -9999 -9999 -9999 -9999 -9999 -9999 160.25 112.25 57.5 39.25 27.5 28.5 28.5 35 127.25 398.5 225.75 98.75 101.75 56.5 56.25 78 114.25 788.75 691.5 719.5 578.75 574.5 702.25 661.5 792.75 739.5 648.75 830.75 603.5 872 837.5 925.5 904 908.75 953.75 964.75 959 927.5 943 949.5 890.25 876.5 922.75 918.75 956 960.75 971 970.75 964.75 968.5 966.25 954.75 963.5 971.5 972 970.75 974.5 973.25 971.5 966.75 966.5 968.25 966 939.75
-9999 -9999 -9999 -9999 -9999 -9999 -9999 -9999 -9999 -9999 -9999 -9999 -9999 -9999 714 651 56.75 78.75 39.5 42.25 35.75 40.25 38.5 48.75 51 48.5 54.75 50 91.75 41.75 63.5 588.75 522.25 232 295.25 545.25 666.75 727.5 851.75 874 734.25 704.75 852 912.25 924.25 936.75 933.25 952 954 953.5 959 961.5 969.75 947.75 871.75 862.25 881.5 879.25 922.75 959.5 970 965.75 967.75 972.25 972.25 949.75 923.25 965.25 967.75 971 972 973.75 973.25 967 960 966.25 966.75 964.75
-9999 -9999 -9999 -9999 -9999 -9999 -9999 -9999 -9999 -9999 -9999 -9999 -9999 -9999 767.5 624 743.75 536.25 299 75.25 43 36.25 26.5 35.5 36.25 30 38.75 27.25 28.5 36.5 29 511 562.25 759.75 541.75 569.75 490 937 679.5 754.25 878.25 774 770.25 766.75 770.5 825 914.75 890 886.75 912.75 964.75 965.25 966.75 956.25 933.75 887 913.25 852.5 785.25 902.75 936.75 943.75 967.5 971 969 959.25 936.25 950 934.5 942.25 954 970.25 973 921.5 836.5 962.75 962.5 942.5
-9999 -9999 -9999 -9999 -9999 -9999 -9999 -9999 -9999 -9999 -9999 -9999 -9999 -9999 855 870.5 839 746 614.5 204.25 159.25 103.25 46.25 44.25 65 42 31 32.75 37.75 30 400 593.25 62 558.75 379.5 306 333.25 755 525 748.5 873 873.25 846.75 886.5 910 931.75 891.5 899.5 885.75 869.25 908.75 945.75 956.75 957.25 954.75 882.5 813.75 795 740 795.75 868.75 912 959.75 971 970.75 964 932.75 938 930 926.75 963.75 967.75 974 930.5 778 847.25 919.75 891.5
-9999 -9999 -9999 -9999 -9999 -9999 -9999 -9999 -9999 -9999 -9999 -9999 -9999 -9999 795 838.25 193.75 736.75 551.5 287 678.75 111 94.75 358.5 623.25 53.75 44.5 62 80.75 540.75 323.75 313 564 517.25 736.25 728.25 861.5 757.25 866.5 871.5 905.75 936.75 943.25 905.25 890.5 862 849.25 951 956.25 924.25 911.5 933.5 951.25 958.25 965 908.5 829 751 770.25 818.25 914.25 921 919.25 960.25 967.5 966 946.5 948.25 928.25 936.75 967.75 971 965.25 879.5 722 788.25 813 798.25
-9999 -9999 -9999 -9999 -9999 -9999 -9999 -9999 -9999 -9999 -9999 -9999 -9999 -9999 436 76.25 76.5 346.5 189.25 403 361.75 617.25 701 621 491.5 218.75 104.5 271.75 878.25 492.25 723.25 504.25 657.75 551 793.5 777.5 467.5 598.25 623.5 800.25 903 928.5 952.25 951.5 946.75 955.25 951.5 961.5 962.75 963.25 930.5 942.75 958.75 969.25 968.25 953.5 902.75 853 849.5 918.5 968.5 924.5 882.75 931.5 957.25 963.25 957 961.25 951.25 912.75 938.25 964.5 831.25 749.5 845.75 906.25 887.5 787.75
-9999 -9999 -9999 -9999 -9999 -9999 -9999 -9999 -9999 -9999 -9999 -9999 -9999 -9999 302.5 448.5 41 326.25 296.25 267.75 266 304.5 426.25 675.75 109.25 142 269.25 876 869.25 743.5 820.5 643 735.5 668.25 715.25 916.75 896.25 596.5 777 871 875.75 875.25 921 937 942.75 946.5 966 966.75 966.25 966.5 957.75 959 959.75 964 968 961 951.5 934 919.5 899.5 895.25 898.75 899.25 942 938 936.75 943.25 952.5 958 953.75 967.25 930.75 869 735.5 846 793.25 685 666
-9999 -9999 -9999 -9999 -9999 -9999 -9999 -9999 -9999 -9999 -9999 -9999 -9999 295.25 305.25 441.5 558.75 505 236.75 273.5 337.75 517 210.25 189.75 209.75 52.5 731.25 486 615 611.25 443 872.75 853.75 805.25 726 67.5 80.75 722.5 805.25 819.75 797.5 902.5 908 922 931 953.5 942.5 963.75 958.5 966.25 956.25 958.75 946.25 964.5 966 969.25 972.5 973 971.75 954 893 900.5 904.25 876 887 905 944.75 969.25 967 957.5 960.75 891.75 806.5 843.75 747 737.25 626.5 747.25
-9999 -9999 -9999 -9999 -9999 -9999 -9999 -9999 -9999 -9999 -9999 -9999 -9999 319.25 269.75 356.5 417.25 433 289.5 33.25 41.25 479 482.75 212.5 391.25 404.25 520.5 487.5 661 385.5 643 889.75 856.75 881.25 177.25 172 808.75 665.25 844.25 874.5 869.75 880.25 919.25 928.25 936.75 931.5 937.25 934 935.75 915 922.75 917.25 938.75 947.25 969.5 967.5 959.5 966.25 968.25 972.75 962 931.75 889.25 894.25 903 929.75 950.5 963.5 970.5 967 964 958.5 950 908.75 834 753.75 664 909.25
-9999 -9999 -9999 -9999 -9999 -9999 -9999 -9999 -9999 -9999 -9999 -9999 -9999 189.5 198.5 155.75 263.25 36 26.75 28 51.5 546.75 633.75 496.5 746 614.25 442.5 762.25 812 846.75 769.75 901.25 829.75 911 922.75 872.75 805 705 819.25 787.25 830.5 846 894.25 933.75 936.25 873 812.75 819.25 883.5 881.75 895.25 929.75 948.25 941.5 927.75 942.25 944.75 954 968.25 973 970.75 960.25 933.25 913.75 922.75 927 935.5 949.75 960.25 965.75 969.75 972 972 971.5 964.25 944.25 959.25 971
-9999 -9999 -9999 -9999 -9999 -9999 -9999 -9999 -9999 -9999 -9999 -9999 -9999 197.75 129.75 247 23.25 25.5 401.75 579.25 576.25 777.5 787.5 859.75 896.5 704.25 673.75 585 672.75 931.5 904.25 894.75 844 837 881.5 891 116.25 117 416 694.75 801.5 887.25 904.25 858.5 837.25 838.25 906.75 888.75 845.5 909.5 897.5 935 940 939 935.75 951 962.5 966.75 965.5 970 973 974 973.5 970.75 965.5 968.25 963.5 952.25 964.75 951.5 956.75 969.5 971.25 970.75 971.5 972 972.75 973.25
-9999 -9999 -9999 -9999 -9999 -9999 -9999 -9999 -9999 -9999 -9999 -9999 -9999 253.75 202.25 397.5 31.75 422.5 413.75 304.25 298 510.25 747.75 807.25 809.75 691.75 673.25 706.5 825 812.25 817.25 816 721.75 877.25 868.5 799.75 63.75 106.5 720.5 678.75 708.5 796.75 841.25 844.25 723.75 745.5 835.25 898.5 870.25 877.75 897.25 904.75 938.5 953.25 934.25 901.75 946 959.25 965.75 967.75 971 970.25 969.25 969.5 969.25 971.5 966.5 961 944 959 953 933.5 917.5 934 966.5 967 965.25 966.5
-9999 -9999 -9999 -9999 -9999 -9999 -9999 -9999 -9999 -9999 -9999 -9999 -9999 192.25 158.5 280 282.5 325.25 372.75 227 180.25 345.75 37 603 660.25 517.5 358 505.25 378.5 714.75 827.75 686.25 460.25 568.75 650.25 70.25 99.75 97.75 482.75 482.5 585.75 681.75 766.75 812 804.75 686.75 800.25 881.25 828 901.5 930 918.25 948.75 957.25 921 768.5 887.5 953.25 954.5 966.75 968.5 970.75 968.25 965.25 968.5 970.75 970.5 958.5 944.75 954.25 938 906 885.5 833.75 934.5 943.75 936 931.25
-9999 -9999 -9999 -9999 -9999 -9999 -9999 -9999 -9999 -9999 -9999 -9999 -9999 260 178.75 250 256.75 204 199.25 177.75 23.75 27.75 33.25 497.75 441.5 414.25 224.5 457.25 716.5 839.5 778.25 716.25 723.5 600.5 52 44.5 56.5 60.25 381 377.75 473.5 197.75 661.5 778.75 650.5 570.75 653.25 732 835.75 850.25 918.25 909.5 922.25 952.25 948.5 931.25 935.5 950 960 957.25 964.75 965.5 966.25 962 969.25 970.25 970.5 969.5 968.5 963.75 950.75 911.75 895.25 904.25 957.75 961.5 949.5 928
