results/niche_models/glm_avg.asc
NCOLS 720 
NROWS 960 
XLLCORNER -60 
YLLCORNER -40 
CELLSIZE 0.0416666666666667 
NODATA_value -9999 
[rows 340 to 373 of 960, columns 390 to 467 of 720]
18.25 18.75 17.5 18.5 19.25 18.25 18.25 19 19 18.75 18.75 20.25 22 22.75 19.75 20 41.5 35 98.5 54.25 39 35.75 41.25 68.5 99.75 311.75 923 968.75 969.5 972 974.25 969 952.75 928.75 919 787 770.25 703.5 739.25 771 820.25 907.75 914.5 876.25 819.25 727.75 619.25 922.5 971.5 638.25 168.75 224 454.5 230.25 274.75 364 361.25 672 468.75 392.5 555.25 585 658.5 723.5 788 458 695.75 757.75 859.25 844.25 825.75 846.5 893.75 964 969.5 965.5 966.5 972.75
18 18.5 18 18 18.5 18 17.75 18 19 19.75 18.5 18.75 19.25 21.5 21 63 44.75 44 51.25 44.25 50.5 64.5 52.5 46.75 78.5 433.75 925.25 943 964.75 973 973 965.25 955.75 954.5 914.5 743 738.75 890 873.25 859.75 939.25 931.25 911 820.5 648.75 520 448 834 837 229 254.5 696.5 591.25 193.75 531.75 694.75 808 644 718.25 619 539.25 481.75 586.5 913.75 808.5 393.5 622.75 731.5 860.5 909.25 929.75 842 943.5 970.75 971 961 963.5 971.5
18.25 18 19 18 18 18 18 18.25 18.25 18.75 18.5 18.75 20.25 22 531.75 305.75 84.5 72.25 67.5 66.25 70 64 77.5 130.25 151.75 213.25 706.75 877.25 967 973.5 973.5 969.75 968.25 959.25 933 726.5 879.5 948.25 934.25 912 931.25 893.25 886.5 768.5 634.75 625.5 621.75 425.75 410.25 235.5 229.75 334 201.5 330 483.5 553.25 861.5 773.75 918.75 893.5 728 641.5 498.75 458.75 578.5 507.75 787.75 812 911.25 963 960.25 864.75 936.25 969.25 972 961.25 971.75 968.75
17.5 18 18 18.5 18.25 19 18.5 18.75 19.75 18.25 18.5 18.75 24.5 33.75 883.25 966.5 921.25 367.75 150.5 99.25 79.75 163 113.5 118.75 483.25 527.5 882.5 876 971.75 974.25 971.5 963.75 961.25 954 925 838 925.75 944.25 918.25 902.5 896.75 842.5 860.25 762 718.5 607.25 641.75 440.5 436.75 427.5 698.5 696.75 413.5 455.25 749.75 859.25 928 902 848.25 898.5 862.5 750 585.25 527.25 737.5 610.5 854.75 892 858.75 956.25 958.25 834.75 967 973.25 972.25 967.25 970.75 965.75
19 18 18 18.25 18 17.75 18 18.5 18.5 18.25 18.5 19 23.5 24 636.75 970 970.25 970 882.5 375 190.75 104.5 72 126.5 166 408.25 894.5 928.75 971.5 974.25 970.5 965.5 951.25 963.25 953.75 902 929.75 934.75 912.25 823.75 853.5 866.75 778.25 795.5 781.25 789.5 691.75 536 724.5 796.25 803.75 592 396.75 583.75 745.25 922.75 940.5 893.75 890.75 944.75 942.25 940.25 865.75 591.5 866.5 744.25 936.5 933.5 871.75 952.75 934.25 791.75 967.75 972.75 970.5 965.25 971.25 965.75
18.5 18.5 18.5 20.5 18.75 18.25 17.75 18.75 20.5 19 18.5 19.5 21.25 22.75 42 930.25 956.25 967 967.75 951.5 350.5 97.5 70.25 103.25 106.5 213.75 787 940.5 972.5 974 972.25 963.5 955.75 960.75 961 929.75 939.5 930.25 868.25 861.75 861.75 898.25 872 724 552 531.25 530.75 591 551.75 583.25 592.75 658 576.5 669.25 836.5 889.75 944.5 922.25 897 955.25 952.25 935.75 846 669.25 755 872 940.25 956.75 886.25 917.25 889.25 811.5 953.25 971.25 971 969.25 965.75 971.75
18 25.25 34.5 74 35.75 18.75 18.5 20.5 19 18.75 21.75 23 28.75 25 29.75 50.5 885.75 939 971 972.5 748.5 168.5 132.5 92.25 98.25 278.5 755.75 955.25 973.25 974.5 971 965 968.25 961 947.5 933.75 874.75 866.25 858.75 911 859.5 774 752 598.25 538.75 536.75 539.5 552.25 542.25 650.5 565 757.75 631.5 630.75 808 912.5 935.75 937.25 940.75 918.25 903.75 837.5 627 615.75 793.5 806 874.25 955.25 933.25 924 928.75 890.5 947.75 964.5 970.5 970.75 971.75 970.5
19 32.5 197.75 189.75 22.75 19.25 20 21.5 20.25 19 22 26.25 23.5 22.75 22.5 25.75 33.5 211.5 747.5 967.75 961 588.75 216.5 134.5 109 139.75 627.25 889.75 972.25 973 964 948 958 967 953.25 923.25 863.75 829.5 890.75 903.75 840 824 676.25 663.5 365 716.5 431.75 291.25 454.75 606 715.75 802.75 682.5 603.5 830.25 917.5 907.5 893.75 893.25 863.25 895.5 739 623.25 530 792.5 885 923 965.25 948.25 944.75 958.5 935 957.75 968.25 965.75 971.25 968.5 970.75
19.5 37.5 121 128.5 20.25 18.5 18.5 18.5 18.5 18.5 20.75 25 23.75 19.25 20.25 21.25 24.25 33.75 290.25 754.25 965.5 971 854.75 321.25 152.75 165.25 394.5 887 972 972.5 969.75 952.25 925.5 949.5 952.25 939.5 805.5 884.25 920.5 897.5 851.25 836.25 618.5 514.75 628.25 658.5 520.25 538.25 617.25 656.5 742.25 833 795.75 778.5 845 908.25 917 867.75 865.25 827.75 741.75 789.25 649.25 641.5 813.75 905.75 953.75 967.75 963.75 966 966.25 965 965.75 963.25 971.75 968.25 969.5 970
19.5 32 27.5 25.25 18.5 19.25 18.25 18.25 18.5 18.25 20.75 21.75 22.75 22.75 21.5 20.75 21.75 24.75 24.5 178.75 934.25 970.5 945.25 449.75 187 185 235.75 949.75 969.25 971.5 961.75 944 937.5 918.5 947.5 934.5 900 891 942.5 924 906.25 851.5 640.25 428.5 663 830 555.5 547.75 581.75 638.25 782.75 856.5 850.75 884 906 918 904.5 914 949.25 890.75 908 841.75 604.75 705.25 895.5 923.75 959.25 967 970.5 969 969 969.25 969.5 966.5 974 971 968.75 968.75
18.25 18.5 19.5 18.75 18.25 17.75 17.75 17.75 18.75 20.25 20 20.25 21.25 20 21 19 19.75 21.25 21 26.75 292.75 880.75 960.5 536.25 217.5 213.75 333 953.75 968.75 972.25 966.5 948.5 946 957.5 959.25 925.75 899 922.25 887.5 895 869 714.75 469.5 439.25 502.75 724 527 541.25 643.75 691.75 748.75 711 653.25 718.25 852.75 898.25 897.5 928.5 919 829.5 676.75 528.5 397.25 648.5 941.5 937.75 950 966.5 972 970.5 967.75 967.25 968.25 968.25 973.75 972 972.25 969.5
18 18 17.5 17.5 18 18.25 18 18.5 18.5 18.75 18.75 20 19 18.75 19.75 19.75 19 19.75 22 28.5 122.5 170 278.75 421.5 256 187.75 686.75 955 965.75 970.75 965.25 965.75 955.5 961.25 943.75 938 935.75 946.5 904.75 918.5 870.5 741.25 678.75 631 684.5 799.5 678.75 575.75 622.25 537.5 556.75 647.5 597.75 615 731.75 766.5 809.75 820.25 817 750.25 532.25 440.25 800.25 935.75 965.25 963 949 962 969.5 971.25 971.5 969.75 968.75 969 973.75 973 973 972.75
18.75 18.25 18 18.5 18 18.25 18.25 18 18.5 19 20 20.5 20.75 19.25 19 19.75 19.75 19.75 19.75 21.75 79.75 101.5 220.75 474.5 238.5 205.75 582.75 937 970 969 968.25 969.75 963 956.75 960.75 952 947.75 903.75 923.75 942.25 947 873.5 698.75 796.75 878.75 792 719.5 581.25 329.5 237 499.75 630.25 590 710.5 688.5 774 699.25 751.5 658.25 567.75 377.5 684.25 848 939 965.5 968.5 963.25 968.25 970.75 970.25 971.75 972 969.25 968.5 970.5 973 971.75 973
21.75 24 21.25 18.75 19.5 19 18.5 20.25 20.75 24.25 24.5 21.25 19.75 18.75 20 24.25 24 20.25 20 20 122.25 209.5 136.75 410 196 372 776.5 962 969.25 969 970.75 970.25 965.5 951.5 926.5 909.25 914.75 948.25 954.75 943 942 937.75 902 914.75 956.25 744.25 589 391.5 290.25 374.75 515 635 647.25 822 890.25 877.75 795.5 787 569 334.5 337 693 947 953 957.75 967.75 965.5 968.5 970.5 972.5 963 967.5 964 964.75 966 972.5 971.75 973.5
20.75 18.75 18.5 18.25 19.5 20.25 20.75 20.75 23.25 25.25 23 20 20.5 19.75 21.5 26.75 30.5 25.5 29 36.25 113 268.5 190.25 115.25 195.75 680.5 778.25 964.25 968.75 963 969.75 970.25 962.75 938.75 741.25 842.25 940.75 916.25 870.25 848.75 795.75 881.25 870.25 830 959.5 902.75 679.5 473.75 441.5 335.25 497 536.75 476 658.75 793.75 828.25 884.5 657.75 493 474 674.75 675.75 832.25 952.75 955.75 968.25 969.75 967 970.25 971.5 962.25 967.75 968.25 969.75 968.75 974.5 973.75 973.75
20.25 19.5 18.75 19 19.5 21 19.5 20.25 22 25.25 24.25 24.25 22.25 24.25 28.75 27.5 30.25 46.25 36 553.75 648 493 420.25 185.5 247 553 896 941 964 968.25 968.5 961.5 953.75 863.5 659 762.75 863.5 789.25 573.5 574 560.25 793.5 826 856.5 758.25 640.75 657.75 589 594.25 542.5 575.5 426.5 433.75 475.75 693 737.5 663.25 487.5 506 541.25 722.25 759.25 761.5 892.75 958.75 967.5 970.5 970.25 973 973.5 968 969.75 972.25 971.75 972.75 973.5 974.25 973.75
18.5 18 18 19.25 23.25 20.5 19.75 20.75 19 21.75 32 29.5 26 20.75 20.75 23.75 762.75 942.25 955.75 878.75 940.75 965.5 103 95.5 198.5 454.75 752 942.5 964.5 970 969 955.25 947.5 913.75 874.25 899.25 954 934.25 902.75 817.5 583.5 589 634.5 621.25 724.25 607.25 349.75 312.5 363.25 426 471.75 323.5 373.5 341 482.25 718.25 563.25 610 778 515.5 704 641.25 689.75 825.25 961.75 963 966.25 971 965.25 903.5 969 972.5 970.25 974 972.75 970.75 973 974.25
18 18.25 18 18.75 19.75 18.75 19.5 20.5 18.5 19.5 33.25 30.25 26.5 22.5 23.5 39 926.75 961 971.5 968.25 959.5 523.5 26.25 207.5 173 357 869.75 963 950.25 965.5 963.25 935 919.75 897 943.25 953 947.75 946.25 945.5 834.75 724 622.25 261.5 325.25 339.5 345.25 453.75 519.25 412.5 474.25 541.75 529.25 526 346.5 566.5 595.25 541.25 519.5 541 435.5 419 558.5 555.25 771 858.75 941.5 962.5 959.75 952.25 941.5 966.75 974 972.5 972.5 973.5 973.25 973.5 974.5
18.5 18.75 18.75 22 19.25 18.25 19.75 24.5 19.5 21.5 24 22 25.5 22.75 24 121 925.5 964.75 970.25 963 706.25 29.75 106.5 173.5 445 688.5 768 916 904 947.25 959 913 909.5 912.75 947.5 961.5 929 888.5 935 800.5 718.25 563 478.75 435.25 640 766.25 709.5 822.5 603.75 538.5 718.5 605 406.5 445 797.5 715.5 668.75 632.75 520.25 421.75 607 811.5 770.75 747.5 862 959.5 963.75 959.25 959.75 964.25 969.25 972.5 971.75 973.5 973.75 974 974 974.5
24 23.25 24 20.5 19.5 19 36.75 63.5 34.75 25.5 19.25 20.5 32.75 29.25 38.75 179.25 943 963.5 940.5 864 546 159.25 183.75 431 930.75 929.25 952 952.75 953 961.5 948.25 904.25 717.5 821 908.5 842.25 833.25 795 696.25 610 605.25 631.75 595.25 608 580.5 738.5 942.75 896.25 763.5 897 891.75 947.25 724.75 717 943 777.75 546.5 617.5 663.75 700.25 793.75 945.5 956.75 963 955.75 957.5 954.75 958.5 969 970.25 970.75 973 972.5 972.25 973.75 974.5 974 974.25
23.5 22.25 22.5 23.25 19.5 19 24.25 45.25 24 25.5 28.25 32.5 42 27.25 26.5 112.25 955.25 969.5 937.25 722.75 39.5 421.75 336.75 661.5 850 957.5 960.5 946.75 918 947 956.25 968 909.25 910.25 937.5 912 872.75 923.75 955.75 917 704.25 720 633.25 608.75 704.75 957 964.25 938 927.75 915.5 932.75 962 946.5 846.25 939.75 740.5 727.75 748.5 925.25 945.5 959.25 961.25 954.5 955.5 967.5 967 953.75 962 963.25 973.25 971 971 973.25 970.25 974 974 973.5 972.25
28 21.75 21.25 19.5 21.25 22.25 20.5 23.25 23.25 22 21.25 32.5 27 24.25 26.25 87.5 960.5 970.5 903.25 626.5 330 424.5 576 900.75 963 963 938.5 951 925.75 937.5 829.25 954.75 957.5 966.25 968 958.5 873.75 941 955.75 908 865.5 803.75 769.5 837.75 957.75 969 962.5 955.5 961.25 954.75 960.25 957.75 961.5 956.25 962.75 929.25 772.25 796.5 933.5 956.25 963 962.25 955.75 938.25 969 959.5 954 952.75 960.5 967 970.25 968 966.5 970.5 973.5 974.25 973.5 973.5
26.25 20 23.5 24 27.5 30 26.5 25.25 31.5 29.25 24.25 26.5 34.25 27.5 21.75 53.75 952.75 968.25 921.75 673 387.25 615.25 448.25 961.5 967.75 963.75 907.25 934.5 852 931 944 943 859.25 949.25 931.5 962.25 962.5 962.25 966 948.5 903.25 782.25 753.5 940 964.75 951.75 958.75 959 954.5 955.5 963.5 944.75 938.25 946.25 941.5 949 936 937.75 938.25 939.25 831.25 892.5 909.25 870 919.5 962 969 967.5 970.5 969.5 970 972 973.25 966.25 971.5 971.25 974.5 974.5
20.75 19.5 19.75 23.5 31.25 29 31.75 33 28.75 25.25 24 22 21.75 22.75 20.75 38 945.75 969 935 632.5 185.75 286 734 969.25 961.25 953.75 914.75 845.5 910.5 872.75 942.25 941 929.25 915 802.75 933 947.5 948.75 956.75 961.5 953.5 879.75 936 928 946 909.5 908.25 936.75 961.5 957.25 938.5 938.5 952.75 952 934.75 911.5 923.25 941.75 965.25 956.75 904.75 941.25 924.5 920.25 950.25 952.25 962 971.25 971.5 971.5 971.25 972 971.5 960 942 971.5 974 971.75
20.5 20 18.75 22.75 24.5 23.25 28.75 31.75 22.25 21.25 19.25 20 19.75 22.75 22 23.75 898.25 946.25 932.25 902 164 377 955.5 969.25 946 922 732.75 823.75 878.75 914.25 957 863 514 864.25 955.75 952.5 892.5 915.5 914.5 905.75 924.75 934.25 941.75 955.75 886 758.5 874 916.5 840.75 885.75 896.75 804.75 892 924.25 931.75 885.25 925.25 873.5 923 946.25 940 944.25 944 962.75 968.25 965.75 966.25 969.75 971.25 972.5 973.5 967.75 964.5 969 956 963.75 962.75 955
20 20.75 20.25 22.75 25.25 28.5 27.5 26.5 27.5 23 18.5 18.75 20.25 19.5 19.5 22.25 509.5 957.75 715.25 617.25 178 908.25 969.75 965.5 928 868.5 834.25 839.5 726.5 799.5 913.75 949.75 938.75 925.75 896.75 894.5 888.25 905.25 945.75 920.75 852.75 829 917.5 801.5 578.25 601 917.75 945.75 902 893.25 879 916.75 915.75 900 875.25 905 878 817 897.75 936.25 898.75 945 967 963.75 956.5 967.75 969 967.5 969.75 970.25 972 971.75 972.5 965 948 932.5 949 942.75
19.75 19.5 19.5 21.25 20 22 18.75 21.75 21.5 23.25 19.75 20 20 19.25 18.5 19.25 139.25 693 103 102.75 97.25 556.75 962 969.25 955.25 903.5 876.75 898 913 821.5 932.25 948 926.5 909.5 813.5 910.75 930.25 936.5 881.75 869.5 810.25 687 702.75 533 667 835 949 944.75 910.5 912.75 890 900 932 928.5 938.5 930 922.5 833.25 920.75 898.25 906 927 945.25 966 958.25 969.5 971.5 970.5 964.25 971.75 966 968.75 971.5 969.25 943.25 929.25 946.25 933.75
19.5 18.75 18.5 20.5 20.75 18.5 18.75 20.25 25 21.25 21.5 23 22 19.25 20.5 21.25 20 50.5 69.25 49.75 60.25 46.75 189 961.75 953.5 947 925.5 922.75 869.5 844 921.5 948 934.25 862.75 923.25 891.25 873.75 868.5 711.25 871.5 787.75 408.75 394 528 765.5 931.75 896 942.25 900.75 946.5 944.75 888 902.5 958.25 948.5 938.25 914 944.5 911.75 921.25 872.5 924.25 956.25 962.5 963.5 965.5 966.75 969.25 924 947.75 967.75 974.5 972.25 970.5 966.5 973.25 971 970.75
19.75 19 20 20.5 19.5 18.5 18.75 21.75 30.5 23.5 24 25 24.75 19.5 18.75 19.25 86 71.5 48 71.25 37 46.25 138 897.5 937 932 915.75 882.25 902.5 844.5 931.25 957.25 926.25 930.25 964 906 919.5 855.25 445 718.25 672 533.75 583.75 612.25 810.5 912 933.75 850.5 833.5 934.75 947.25 948.5 950.5 954 937.25 886.25 929.5 951 959.75 955.5 929 922.25 941.5 962 967.5 965.25 950.25 943.75 966.75 970.75 971.25 973 972.5 973.25 971.75 974.5 973.25 969.5
21.5 20 19.75 19 18.5 20.25 22.75 33.25 26.5 24.5 29.75 24.75 22.25 22.25 18.75 44 126.25 147.25 71.25 64.25 35 113.5 504 938.75 939 921.5 837 739.5 926 767.25 844.75 957.75 959.5 909 742.25 879.75 909.75 813.25 688.5 880.25 862.75 573 575.5 830.5 928.75 901.25 867.25 821.75 892 908 945.25 942.75 946.25 959.5 935.5 940 963.25 967 952 954.5 960.5 956 933.5 954.5 966.5 969 967.75 945 970.75 973 973.25 967.25 970.5 974 972.5 973.5 973.25 970.5
22 22 21.25 19 20 48.75 28 23.75 21.75 26.75 23 23 26.25 22 18.75 41.5 41.75 52.75 67.5 46.25 62.25 151.75 632 951.75 939.5 905.5 927.75 757 854.75 778.5 869.5 926.75 943.25 892 795.25 924.5 954.25 827.75 733.75 682 739.5 575.25 690 862 628.5 645.25 798.5 809.75 900.5 937 948.25 945.5 952.5 955.75 944 963.25 955.5 965 947.75 948.75 921.5 934.75 960.25 956 960.75 959.75 969.75 924 962 973.75 973 971.5 966.5 971.5 973.25 973 968.75 940.75
28.5 25.5 20.25 20.5 21.25 56.5 26 24.5 23.75 24.25 25.75 24.5 23.75 20.25 18.75 43.5 67.25 68.75 56 61.25 107.75 251.5 908.25 956.25 948.5 874.25 880 750.25 710 840 922.25 948.25 926.5 848.75 832.5 909.25 920.75 804.5 873 813 709 577.75 730 866 799.75 748 548.75 752.5 880.25 937 928.25 923.75 942.75 921.5 923.75 932.25 934.75 924.75 937.5 950.5 946.25 923 960.5 952 930 926.25 924.25 926.5 960 970 973.75 972.5 972.5 973.25 973.5 973.5 973.25 947.5
28.5 27.25 25.25 20.5 25.25 39.75 30 37 36 28 21.5 19.75 20.5 19.75 75.75 57.75 55.5 79.25 38.25 39.25 160 515.5 911.5 949 917 902.25 928.5 939 902 882.5 926 862 857.25 895.25 844.5 851.5 929.5 888.5 914.5 842.25 794.75 729.25 722.25 799 910.25 712 824.5 826.75 885.5 854 681.5 838.25 581.25 696.5 815.25 912.5 870.25 915 897 833.5 880 913.25 936 943.75 950.75 962.75 964.75 955.25 943 962.25 969.5 971.75 969.25 971.25 972.25 972 974.5 970.75
25.75 34.5 21.75 19 40.75 28 22.5 22.25 24 29.5 26 21.5 24.25 253.75 194.25 60.5 31.75 30.25 40.75 37.25 78 239 953.75 960 957.25 959.5 939 871 846.25 874.25 908.25 944 896.25 786.25 823.25 840.75 882.5 945.25 928.5 924.75 819.75 767.25 722.75 856.25 892 863.25 912.5 843 830.75 925.75 955.5 908.25 909.5 938.75 939 949.75 926.75 964 945.25 940.25 949.25 934.5 929.25 943.25 952 960.5 971 958.75 951.25 973 973.5 970.25 971.25 973.5 973.75 973.5 971.25 958
