results/niche_models/glm_avg.asc
NCOLS 720 
NROWS 960 
XLLCORNER -60 
YLLCORNER -40 
CELLSIZE 0.0416666666666667 
NODATA_value -9999 
[rows 238 to 271 of 960, columns 468 to 545 of 720]
-9999 -9999 -9999 -9999 -9999 -9999 -9999 -9999 -9999 -9999 -9999 -9999 -9999 -9999 -9999 -9999 -9999 -9999 -9999 -9999 -9999 -9999 -9999 -9999 -9999 -9999 -9999 -9999 -9999 -9999 48.5 35.25 26.75 25 63 45 45.75 148 56 38.25 46.75 79.25 102.25 88.5 341.5 579.5 741.5 696.5 837.25 855 858.25 571.5 213.25 87 132.75 101.75 107.5 44.25 57.75 56.5 96 51 265 65.5 40.75 56.25 33.25 25.25 23.75 28.75 23.25 21 19.75 21.5 23 27.25 21.25 18.75
-9999 -9999 -9999 -9999 -9999 -9999 -9999 -9999 -9999 -9999 -9999 -9999 -9999 -9999 -9999 -9999 -9999 -9999 -9999 -9999 -9999 -9999 -9999 -9999 -9999 -9999 -9999 131.5 69.5 65 44.5 42 67.5 38.25 49 170.5 265.5 84.25 51.5 73.25 378.5 634.25 473.25 156 68.5 121.25 448 578.25 781.25 827 880.75 634 171.5 84 114.75 116.25 105 53 44.5 64.75 80.25 272 715.75 579 186 62 40.25 32.75 31.75 28 31.5 32 34 30.5 33.75 34 36.25 21.75
-9999 -9999 -9999 -9999 -9999 -9999 -9999 -9999 -9999 -9999 -9999 -9999 -9999 -9999 -9999 -9999 -9999 -9999 -9999 -9999 -9999 -9999 -9999 -9999 248.25 192 183 252.5 156 88.75 75.25 71.5 417.75 338.5 114.5 198.25 161 85.5 57.75 75.25 287 560.5 498 424.25 180.5 91.5 63.25 124.5 382.75 766.5 760.5 193.75 61.75 47.5 52 89 126.75 163 82.25 77.5 170.75 233.25 272 290.5 191.5 88.25 77.75 71 44.5 27 28.25 29 36.75 30.75 25 27.75 28 32
-9999 -9999 -9999 -9999 -9999 -9999 -9999 -9999 -9999 -9999 -9999 -9999 -9999 -9999 -9999 -9999 -9999 -9999 -9999 -9999 -9999 172.5 356.5 704.5 368.25 286.75 384 357 221.25 177.25 149.75 94 190.5 270.25 264.75 82.5 59.25 110.75 243 395 536.5 746 838.25 735.75 386 479.5 303.75 252.25 107.75 246 343 55.25 41 37 48.25 56.75 69 64.5 56.25 86.5 145.5 178.25 189.25 159 207 182.25 200 82 47 35.25 28.75 25 25.25 24 25 24.75 21.75 31.75
-9999 -9999 -9999 -9999 -9999 -9999 -9999 -9999 -9999 -9999 -9999 -9999 -9999 -9999 -9999 -9999 -9999 -9999 60 55.25 175.5 167.5 276.25 245 255.5 308 267.25 247.25 293.75 127.25 196.75 110.75 180.75 534.75 251.5 133.75 146.5 198 471.5 563 688.25 870.75 932.5 845.5 643.5 745.25 774.5 704.5 333 139.5 79 88.25 69 48.5 55 62.75 75.5 87.75 92.75 159 130 134.75 165 143 235 269.25 136.5 89.5 73.75 36.25 27.5 25.75 24 24 29.75 24.25 29 26.25
-9999 -9999 -9999 -9999 -9999 -9999 -9999 -9999 -9999 -9999 -9999 -9999 -9999 -9999 -9999 509.5 383 166.75 93.5 102 118.75 118.25 246.25 311.25 436.75 553.25 307.5 523.5 328 226.25 416.75 186.25 220.25 467.25 481.25 247 324 415.5 422 488.5 716.75 907.5 944 899.75 878.75 876.25 719.25 519.75 578.5 678.25 467.75 553 171 55.25 57.5 51.5 170.5 132.75 127.75 217 174 198.25 88 113.5 168 218.75 215.75 185.75 79.25 39.25 33.5 30.25 28 30.75 40.5 27.25 40.25 33
-9999 -9999 -9999 -9999 -9999 -9999 -9999 -9999 -9999 -9999 -9999 209.25 184 126.75 366 717 363.75 138.5 113.5 107 112.75 215 144 669.75 900 644.5 361 566.75 478.5 395 387 250 507.25 303.25 444.25 360.25 468.5 481.25 395.5 475.75 674.5 904.5 921.5 858.75 858.5 641.75 709 824.5 849.75 664.75 601.5 685.5 381.25 64.25 42.25 76.5 74 86 152.75 169.25 82 87 87.25 166.5 188.25 183.75 154 183.75 252.25 147.75 76.25 63 49.25 52.25 51.5 42.75 45.5 39.75
-9999 -9999 -9999 -9999 -9999 -9999 -9999 -9999 669 198.5 164.75 139.25 72 81.5 166.25 205 125.5 128.75 151.25 92.75 82.75 83.25 140.75 476.5 717 881.25 588.75 649 657.25 536.25 542 317.5 659.75 280 203 278.5 304 309 383.25 456.25 486.25 866 902.5 863.75 801.5 813 879 827 809.5 624.75 541.5 559 371.75 249.75 130.75 167.25 89.5 197.5 237.25 144.75 80 75 131.75 229.25 285.75 341.5 291.75 274.75 200.25 132 140 160 153 167.5 71.25 44.75 48.25 44
-9999 -9999 -9999 -9999 -9999 957 971.75 874.5 525.5 216 146.5 116.5 60.75 61.75 100 160.5 70.75 99.5 75 59 48.75 78.5 150 232 183.25 641.75 480.25 622 715.25 468.5 512.5 333.75 589.5 233 208.25 231 274.25 316.75 614.5 599.5 846 908.25 831.25 814.75 737 883.5 849.25 772.75 499.75 267.25 168 195.25 387.5 391.75 159 94.5 85 85.75 91.75 120.75 95 82.75 129.5 174.5 263.5 458.5 414.5 265 156.75 154.25 130.25 115 104.25 102 49.25 38.5 39 48.75
-9999 -9999 921 937.25 921.5 910.75 967.25 912.25 563.75 246.75 113.25 78.5 40.5 56.5 82 157.75 44.25 36.5 31.25 33.25 50.25 77.75 137.5 166.5 249 645 376.75 248.25 702 833.25 498.75 224.75 303 407.75 235.75 245 374.5 288.25 661.5 725.75 915.5 927.75 903.5 879.75 785.75 898.75 845.25 748.25 331.75 217.5 221.25 185.75 111.5 210.5 218 280.25 97.5 106.25 215.75 320.75 179.25 78 93.75 164 248.75 369.25 506.75 389 276.5 152 121 108.75 82.5 70.75 58.25 45.5 42 44.75
745.5 948.5 954.75 954 934 897 960.25 919.75 589.75 258.5 152.5 54.25 40.75 46.75 76.5 143.5 65 49 28.25 30.25 33.75 51.5 77.25 79 142.5 268.75 332.5 170 363 630.25 335 433.25 367 303.75 186.75 119 153.5 260.75 376 663.5 864.5 847.75 824 756.75 828.5 891.5 833.25 776.75 693.5 428 440.75 210.5 112.25 150.75 197.75 180 118 65.25 105.5 421 568.5 210.5 232 254.75 315.5 383.25 432.75 452.25 313.5 202 134 109.5 107 110 63.5 56.25 70.5 80.75
920.5 956.25 961.75 944.75 819 838.5 958 721 433.5 168.75 106.25 66.5 46 67 129.75 562.5 73.75 49.5 35.25 46.25 42.75 70.5 130 115 164.75 372.5 253 184.25 217 376.25 179.5 177.75 96.5 295.5 142.75 109.5 137.75 135 72 219.5 732.5 475 460.5 501.25 477.75 433.5 484.5 630.25 738.5 544 386.75 218.5 306.25 303.25 286 210.75 162 58 57.75 233.5 446.75 255.25 162.25 282.75 325.25 293.25 338.5 395.25 271.5 194 176.25 144.25 117.5 133.25 101.75 97 99.5 87
927.75 926.5 953 957.25 942.25 955.25 969.75 822.75 347.5 177 55 66 76.75 65.25 123 452.5 77.75 41.25 33 37 51 74 81.75 112.5 264.5 185.75 81 160.75 143.5 174.5 136.25 311.5 108.5 60.25 75.5 58.5 56.5 45.75 42.25 305.75 626.25 352.5 456.25 449.75 449.25 287 315 576.25 572 637.75 493 423.5 380.5 335.75 376.25 305.25 160.25 92.75 72 172 255 248.5 198.25 272 216.75 225 320.5 365 320 292 382.75 351.25 243.5 244 195.75 92 96.5 93.25
898 849.25 896.5 866 903.75 956.5 960.5 680 244.75 225.25 75.25 41.75 41 42 138.5 643.5 49.75 33.5 38 47.5 66.25 94.25 67.25 79.25 356.5 443.75 117.75 62 70 81 76.25 46.75 43 39.25 96.75 71.75 53.5 39 44.5 214.75 258.25 103.5 241.25 398.5 474 157.25 285.25 501.5 489 532.25 519.5 536.25 494.5 221.25 214.75 187.25 162.75 87.75 100.25 207.5 114.25 165.25 98.25 70.75 142.5 185.25 232.75 300.5 275.25 623.25 438.5 358 299.25 271.25 132.75 164.75 128.75 51.25
849.75 776.25 805.5 846.25 922 941 866.5 560 199 62 53 44.25 39 51.25 109 283 74 39.75 52.75 46.75 35.25 38.75 44.25 75.75 242.5 156 104.5 81.5 238 83 96.25 51.75 77 49.5 68.5 46 39.5 26.5 26.25 92.25 141.5 83.25 190.5 247.25 296.25 131 210.75 331.75 325.25 601.25 562 645.25 430.5 255.5 253.5 195.5 153 109.5 205.75 576.5 513.5 226 102.25 71.5 71.5 124.5 160.5 195.75 171 227.5 332.5 401.75 330 236 140 184.75 100.75 51.5
798.5 958.25 971.25 969.75 958.25 591.25 488 496.5 108.75 61.75 72.5 66.5 48.25 52.75 90.75 234.5 150.75 29.25 32.25 29.5 27 35.5 36.5 52 161.5 196 95.5 81 267.25 117.25 260 221.5 45 36.75 89.5 52 46.5 25.75 22.25 41.25 59 131.75 192.25 140 121.75 169.25 360 329.75 335.25 487 580.5 403.5 245.25 241 241.25 152.75 105.5 66.25 57.25 43 59.5 70.25 267.5 677.5 545 431.5 241.5 170.75 174.25 171 200 246.25 226 228.75 178.5 176.25 97.75 77
953.5 968.75 969.75 958.25 745 283 377.25 172.25 75.75 65 38.5 44.25 62.25 53.5 77.5 178.5 263.25 33.75 32 28.5 32.75 32.5 34 40 76.75 67.5 51.75 42.75 83.5 159.25 211.75 504.75 79.5 76.25 183.75 50 27 22.5 22 31.25 58 48 46 77.75 324 182.25 119.25 107 285.5 248.5 267.5 396.25 482.75 370.75 198.25 91 89.75 177 133 185.25 734.5 731.75 314.25 171.75 212.5 310.75 269 301.5 294.75 152.25 101.25 142.75 207 143.75 85.25 83.25 144.25 53.25
950 964 970 954.75 637 485.75 639.75 285 101.5 102 78 51 38.25 40 85.5 343.25 700.5 64.75 31.5 36.5 39.25 40.75 45.5 44.5 48.75 69.25 48.25 35.75 51 110.25 66.25 81 82.5 56.75 117.25 58.5 26.75 23.25 24.25 43.5 112.25 194.5 155.5 145 179.5 128.5 64 53 135.25 160.25 226.25 245 227 200.75 197.5 129.25 120.75 409 381 426.75 540.5 633.25 648.75 549.5 425.75 324.75 278.75 200.5 201.75 187.25 222.5 191.5 156 96.25 59.75 57 153.75 55.25
959.75 969 970.25 902.75 576 816.25 359.5 108.25 73.25 70.5 68 61.5 47.5 36.25 35.5 267.75 694.5 71.75 37 26.75 27.5 33.25 37.25 40.25 73.75 131.5 84.5 71.5 41.5 46.75 51.25 42 33 33.75 49.25 37 24.75 24.75 36.5 46.5 51.75 220.75 114 115 74.75 78 41.75 45.25 78.75 129 168.5 180 150.5 130 117.25 95 126.25 247.75 235.75 281.5 341.25 454.25 624.75 682.75 688.25 373.25 210.5 196 194 223.75 200.25 132.25 77 23.25 34.25 62 77.25 52.75
923.75 956.25 959.5 808 754 745.25 166.75 88.25 68.75 58.75 50.5 79 60.75 40.25 62.5 674.75 759 64.75 30.5 27 36 40.75 51 79.75 83.25 167.75 239 80.75 54.75 60.25 41.25 30.75 32.75 37.5 54.25 46.75 24 21.5 26.25 27.75 72.75 263 403.75 302 101.5 79.5 51 35.25 66.25 216 137 187 96 84.5 85.75 114.25 162.5 168.5 138 209.75 266.25 320.25 576 614 483 533.25 329.25 172.5 195.75 188 188.25 88.25 75.75 57.25 71.75 166 45.25 44.5
869.5 948 953.5 649.25 736 495 126 105 54.25 50.5 42.25 44.5 49.25 67.5 45.25 143.5 164.75 32.5 28.5 29 41.75 40.25 49.25 67 121.75 107.25 114.75 76 44 61.5 40.25 30.5 32.5 76.75 88.5 77 33 23.75 30.75 67.75 127 506.75 373 277.5 148.25 37.5 34.75 32.75 40.75 122.5 150.25 66.25 64 56.25 57.75 102.5 228 142.25 253.5 425.25 416 345.75 408 346.5 333 365 331.5 289.25 175.25 252 152.5 126.75 85 36.5 40.5 76.75 35.75 46.75
962.5 971 880 517.25 374.5 198.25 74 94.5 63.5 50.75 51.25 56.75 53.75 49.75 40.5 37.5 41.5 58.5 57.5 39.75 44.5 43.25 45 69 83 63.75 60.25 74.75 72.25 65.25 32.75 32.5 33 56.25 47.5 109.25 37.75 52.75 46.25 40.5 76 328.25 623.25 468.5 205.5 68.25 28.75 29 48 56.5 88.25 69.75 49.25 45.25 48.5 82.25 93.5 137 244 328 779 849.75 514.75 325.5 299.25 233.75 138 188.5 135.75 100.75 94 91 80.5 45.75 48 110.5 103.25 49.75
967.75 971.75 931.5 829.5 263 139.5 170 94.5 76.25 72 59 40.5 40.5 45.5 38 38.75 42.5 51 36.5 38.75 34 40.75 39.25 55.75 52.5 56 44.75 83.25 123.75 148.25 53.25 41 39.25 44.25 78.25 250.5 55.75 45.25 26.5 31.25 126.75 390 590.75 407 168.75 99.5 38.25 28.25 32.75 39.25 44.75 48 38.75 37.25 53.75 71.5 72.25 167.75 684.75 782.75 817 820 830.5 728.75 638.75 518 245.75 313 405 265.75 84.5 55.5 45.75 56.5 38 31 32 27.5
964.5 965.25 935.5 530.5 352 192 125.5 201.25 119.5 148 102.25 43 35.75 40.75 36.25 39.25 50.5 43.75 37.75 62.25 35.5 36.25 32.75 56.25 66.75 44.75 31 45.75 112 112.25 46.25 61.5 46.25 59.25 115.25 116 45.25 31.75 24.5 27.5 79.75 267.5 443.5 484 336.25 152.75 50.5 28.5 32 33.25 43.5 29.75 30 68.25 46.5 54.5 62.25 97.75 148.75 599.5 817.75 841.5 776.75 691.5 674.5 558.75 205 94 64.75 62 38.25 33.5 31 30 29 24.25 25 38.5
968.5 968.25 907.5 579.75 407.75 234.75 281.25 220.25 171.5 196.75 178.25 84.5 43 36 36 37.25 40.5 36.25 37 39 37 50.5 39.75 32.25 34.75 30.75 31 35.5 88.75 87.75 66.5 60.25 67.25 101.5 77.5 54 70.75 26 23.5 28.75 29.5 44.75 371.25 419 384.75 297.75 57.25 38 39.25 55.25 62 28.5 36.5 77.75 82 45 57.25 65.25 58.5 469.5 719 694.5 566.75 528.5 505.75 271.75 131.25 90 81 40.5 34 29.5 27 26.5 28 29.25 27.25 22.25
969 964.5 806 841.5 521 433.25 335 170.5 139.75 82.25 63.5 46.75 40.5 47.25 40.75 37 34.25 31.5 34 34.75 34.5 45.25 35 33.75 40.25 36 37.25 41.5 51 63.25 55.5 62 62.75 61 94.75 73.5 76 37.5 26 25.75 24.75 28.5 112.5 246.25 358.25 348.5 152.75 37.5 51 71.25 38.25 108.5 146.5 321.25 194 80.5 68.75 73.5 101.5 389.25 559.25 514.75 495.5 290 336.5 115 118.5 117 55.25 40.25 36.25 26.5 29.5 30.75 24 26.75 36 30
970.75 955.75 809 805.75 370.5 484.25 292.25 318.5 215.75 126.5 67.25 58.25 43 40 61.25 38.75 74.75 47.5 36.5 37.25 43.5 51.25 55.25 41.25 35.25 42.75 45 92 71 59 60.75 50.75 59.75 42.75 68 50 65.25 57.25 26.25 23.25 23.5 23.25 25.5 53.25 151 347 233.25 48.5 57.75 36 70 133.75 353.25 597.25 586.5 386.25 106 89.25 138 395.75 517.5 503.25 347.5 176.75 151 132.25 136.5 98 47.75 37 36.5 33.5 26 27 26.5 22.5 30.75 32.5
970 954.5 944 920 881.25 714.5 408.25 232.75 188.5 205 118.75 119.5 77.75 69.75 56.25 43.75 59.5 40 43.25 49.25 61.5 74.75 46.5 41.25 39.5 56 47.75 156.5 214.5 89.5 92.75 60.75 65.5 40.75 35.25 29 34.75 27.25 27.75 24 24.5 22.75 23.25 22.5 28.5 113.75 26.25 26 27.5 43.5 145.25 94.25 267.25 559.5 673 377.75 369.5 173.25 101.5 184 161.75 175.5 448.75 334 233.75 90.75 81.5 78.75 49.25 41 37 31 26.25 24.5 24.25 31.5 28 28.75
972.5 961 949 946.75 927 650.75 295.75 188.5 177 262.25 146 193 153 132.75 74 66 68.25 41 50.75 61 56 54 46 45.75 44.75 53.25 79.5 86.25 157.5 90.5 155.25 165.25 156.75 99 97.5 51 36.5 39 38 31.5 27 36 30.5 34.25 24 33 26.75 26.75 31 46.5 94.25 173.25 259.25 342.5 325.25 272.5 289.75 139.75 117.5 148.25 89.25 57.25 88.25 159.25 134.5 123.75 116.5 91 65.25 40.5 39.5 36.75 24.75 22.25 20.75 22.5 24.75 25.75
973 968 902.25 886 881.75 560.75 341.5 220.5 237.25 153 142.75 175.25 119.25 78.75 66.5 47.75 52.5 52 68 70.25 60 53.75 51 56.25 56.75 81 148.5 163 213.25 227.25 720.5 263.75 230 274.75 179 66.75 43.5 42.5 39.75 38.5 47.25 153.25 713.25 146 56 33 30.5 72.25 93.25 39.25 119.75 179.25 141 203 199.75 197.25 395.75 257.75 103.75 77.75 56.25 64.75 86.5 107.25 97.5 142.25 141.25 71.5 40.5 37.25 32 38 22.5 20.75 18.75 18.75 18 20
961.25 943.75 830.75 949.5 697.25 229.5 227.25 200.25 174.5 173.75 89.75 120.25 168.5 276.5 105.75 62 54 67 105.75 214.75 123.25 89 68.75 87.25 72.25 120.5 144.75 280.25 528.25 405.75 790.75 495.5 239.25 167 103.75 72.5 100.75 60 53.5 65.25 225 869.5 920 843.5 702 680 515.75 259.75 172.75 45 120.25 155.25 133 171.75 146.75 191.5 295.5 195.75 139 100.25 82.25 137.5 219.25 201.5 93.5 106 160 55 42 45.25 36 32.5 26.5 25 19.25 19 18.5 18.75
971.25 945.75 793.5 857.75 417.75 304.25 247.25 232.75 192.5 172.25 160 160.5 99.25 129 136.5 83.75 99.25 141.75 158 137.75 94 104.25 114.75 138.5 216.75 160.5 199 258.75 415.25 528.25 434.5 229.75 255.75 232 116.5 191.5 188.75 102.75 66.5 72 619 903.5 841.5 801.5 685.25 595 513.5 78 36.5 52.25 43 69.5 109.5 173.75 168.75 195.25 234.5 210.25 136 92 103.5 168.75 200 158.5 96.5 76.75 82 80.5 69.25 48.75 44.75 32.5 27.25 18.25 19 20 21.75 20.5
969.5 952.25 908.5 949.75 544 411.25 354 437.75 259.5 214.5 223 165 94.75 101.75 172.75 226.25 197 215.25 285.5 178.25 128 143.5 205 234.25 326.25 296.25 179 310.5 277.5 258 350.5 352.25 434 327.25 283.75 242 251.75 141.5 94.5 93 729.25 839.25 768.5 775.5 615 640.25 152 51 87.5 61.5 36.5 40.25 71.75 341.5 216 294.5 186.25 210.25 203.75 130.5 177.25 223 120.25 106 62 80 109.5 88.5 84.5 58.25 39.75 27.5 23.5 20.25 23.5 19.75 24.75 20.25
971.25 969.5 934 946.75 482.25 296.75 321.75 215.25 179.5 243.75 285.5 186.75 206.5 223.25 213.75 236.5 347.75 308 197.25 188.5 209.5 217.75 274 333.75 453 497.75 386.75 223.5 207 302.25 498.5 420 392.25 291.25 278.5 359.5 322.75 146.5 175.5 156.75 788.75 869.25 825.75 812.25 805.25 581.5 140.5 146.5 162.25 46.75 42 63 59.5 142.75 104.5 313.5 237 261.25 290 150 114.75 70.75 107.5 116 138.5 150.75 145 100.25 86 64.25 48.5 30.25 24.75 20.75 32.75 26 21.5 17.5
