results/niche_models/rf_avg.asc
NCOLS 720 
NROWS 960 
XLLCORNER -60 
YLLCORNER -40 
CELLSIZE 0.0416666666666667 
NODATA_value -9999 
[rows 432 to 467 of 960, columns 240 to 319 of 720]
-9999 -9999 -9999 -9999 -9999 -9999 -9999 -9999 -9999 -9999 -9999 -9999 -9999 -9999 -9999 -9999 -9999 -9999 -9999 -9999 0 0 0 0 0 202.4 192.4 0 0 0.6 980.2 0 0 0 35.4 0.4 2.6 0 0 0 0.4 0.2 97.8 446.8 5.2 1 3.6 476 44.6 57.4 217.4 1000 719.2 354 258.8 994.2 994 728.6 265.4 985.8 988.2 274.4 325.2 215 144.8 184 1000 1000 1000 273 778.4 999.2 98.2 138.4 13 25.8 77 20.8 1.8 1.2
-9999 -9999 -9999 -9999 -9999 -9999 -9999 -9999 -9999 -9999 -9999 -9999 -9999 -9999 -9999 -9999 -9999 -9999 -9999 0 0 0 0 0 0 147 31.8 0 0 0 0 714 0 0 0.2 0.2 1.4 0 0 0 0.2 0.2 0.8 0 0.8 5.2 0.8 48 275.2 225.2 957.8 1000 351.2 207.2 147.2 1000 316 273.8 925.4 1000 1000 289.4 150 179 147.4 196.4 207.6 975.4 1000 1000 101.8 1000 74.6 14.8 41.2 270.2 495 209.4 1.4 0.2
-9999 -9999 -9999 -9999 -9999 -9999 -9999 -9999 -9999 -9999 -9999 -9999 -9999 -9999 -9999 -9999 -9999 -9999 0 24.4 0.4 8.2 0 0 0 43.4 80.2 0 0 0 0 0 0 0 0 0 0 0 0.6 0 0 0 42.6 0 18.2 74.4 63.2 59.2 461.6 963.8 1000 356.6 963.8 229.2 114 28 183.4 211 1000 372.2 912.8 184.2 82.8 88.2 127.8 139.4 173.6 260 1000 1000 412.6 1000 81.4 119.6 108 975.6 679 901 11 4
-9999 -9999 -9999 -9999 -9999 -9999 -9999 -9999 -9999 -9999 -9999 -9999 -9999 -9999 -9999 -9999 -9999 0 0 0 0.6 1 0 0 170.4 848.4 0 0 0 550 1.8 0 13.4 0 0 2 0.4 0.6 16.6 4.6 0.2 0 994.4 0.6 0.6 123.4 39.2 33.6 989.8 1000 990.4 1000 1000 900.8 55.4 6 51.8 178.6 442.4 203.4 196.6 85.4 86.4 169.6 282.2 304.8 163.6 173.2 973.4 1000 941.8 968.2 532.2 209.6 210.4 650.4 995.8 947.2 28.6 82
-9999 -9999 -9999 -9999 -9999 -9999 -9999 -9999 -9999 -9999 -9999 -9999 -9999 -9999 -9999 -9999 -9999 0 0 0 0 0 2.8 811.8 0 362.6 965.8 0 0.2 1.6 5 0.2 0 0.2 0 0.2 1.4 1.4 1.8 13.8 0.6 0 971.6 0 6.2 171.8 367.6 464 383 434.4 873.2 305.2 997.8 385.6 136.6 55.2 84.2 169.4 49.8 28 55.2 277 251.8 317 361.2 860.8 241.6 226.8 983.8 1000 1000 1000 993 959 933.8 976.8 994.6 993.6 870 508.2
-9999 -9999 -9999 -9999 -9999 -9999 -9999 -9999 -9999 -9999 -9999 -9999 -9999 -9999 -9999 -9999 0 0 0 0 0 0 0 808 928.6 0 972 259.8 0.4 3.8 0 0.6 0 0 0 0 43.2 0 0 0 0 0 602.2 610.4 27 53.4 58.2 1000 461.8 184.8 110.2 174 271.8 194.2 149.4 204.2 216.2 123.8 94.2 51.4 386.2 244.4 315.8 910.6 963 639.6 346 311.8 561.4 1000 1000 1000 999 893.4 900.8 931.2 837.6 916 974 985.6
-9999 -9999 -9999 -9999 -9999 -9999 -9999 -9999 -9999 -9999 -9999 -9999 -9999 -9999 -9999 0 0 0 0 0 0 0 0.2 0.2 588.2 195 25.8 22.4 13.6 0 627.4 0.8 0 740.8 0 0.4 0.2 0 0.6 0 0 0.6 0.8 20.6 5.6 0.2 999.6 1000 999.4 24.4 24.4 65.6 278.6 119.6 295 104.6 102.8 97.8 125.4 107 196.8 943.8 690.2 375.6 1000 985.2 959.2 928.4 941 967.4 869 721.2 410 280.4 432.8 874.2 982.4 972.4 976 1000
-9999 -9999 -9999 -9999 -9999 -9999 -9999 -9999 -9999 -9999 -9999 -9999 -9999 -9999 -9999 0 0 0 0 0 0 0 0 0.2 27 29.2 25.8 1.8 0.2 0 0 0 0.4 0.2 1.2 0.2 0 0.2 176.8 2 1 1.8 482.4 5.6 0 981.2 999.2 172 39.2 13.8 14.6 142.4 115.4 104.4 105.6 114 138.4 81.8 119.6 238.6 393.6 967 999.8 990.2 999.8 1000 1000 1000 1000 548 583.4 779.6 668.4 955.6 900.2 420.2 464.2 798.6 956.6 1000
-9999 -9999 -9999 -9999 -9999 -9999 -9999 -9999 -9999 -9999 -9999 -9999 -9999 -9999 0 0 0 0 0 0 0 0 0.2 25.2 25.2 10.4 0.4 21.6 8.8 5 22 23 16.2 0 0.2 2.6 1.2 24.4 3 11.2 16.8 1.6 5.6 7.8 9.4 902.8 995.2 509.4 998.6 2.4 71.8 68.4 161 81.4 130.2 145.8 54.6 69 279.6 389.8 491.4 904 1000 1000 1000 1000 1000 1000 559.8 956 906.8 973.6 766.6 987 998.2 995.4 996.8 1000 778.6 955
-9999 -9999 -9999 -9999 -9999 -9999 -9999 -9999 -9999 -9999 -9999 -9999 -9999 -9999 0 0 0 0 0 0 0 0.6 20.2 12 0.2 0.2 0 0.8 0.6 0 0.2 0 0.2 0.8 0 0 1 0 979.8 706.2 3.4 9 996.6 23.6 5.6 993.8 965.8 442.2 998.6 39.2 118.8 100 158.6 145 37.8 94.4 77.6 67.6 144.6 181.8 241.2 403 989 1000 1000 1000 1000 970.8 832.8 1000 951 999.4 737.6 820 992.6 1000 1000 1000 981.8 1000
-9999 -9999 -9999 -9999 -9999 -9999 -9999 -9999 -9999 -9999 -9999 -9999 -9999 0 0 0 0 0 0 0 0 0 2 1.2 0 0 0 0 0 0.2 0.2 0.6 2.4 1 0.2 0.6 994.4 994.4 4.6 0 9.8 9.2 69.8 992.4 2.6 0.2 648.4 997.4 142 146.8 48.2 156.4 152 142.6 150.4 67.4 140.6 129.8 114.4 519.6 152.6 357.2 957.2 1000 1000 1000 1000 1000 679 1000 1000 1000 906.4 1000 1000 1000 1000 1000 1000 1000
-9999 -9999 -9999 -9999 -9999 -9999 -9999 -9999 -9999 -9999 -9999 -9999 -9999 0 0 0 0 0 0 0 0 0 0 0 0 4.2 5.2 0.4 0.6 49 240 203.4 0.4 0.2 0 1 0 53.4 11.6 2.8 3.4 17 17.6 662.8 997.4 59 16.8 621.2 153.6 149.6 140.6 116.2 124.6 99.4 75.4 69.4 173.4 267.6 237.2 280 251.4 309.8 788.6 959.8 939.2 1000 1000 1000 1000 977.6 1000 1000 999.8 1000 1000 1000 1000 1000 1000 1000
-9999 -9999 -9999 -9999 -9999 -9999 -9999 -9999 -9999 -9999 -9999 -9999 -9999 0 0 0 0 0 0 0 0 0 46.4 0 0.2 0.4 2.8 80.2 8.2 133.8 595.2 140.2 0.2 120.2 0.2 1.2 32 211.6 23 44.4 20.8 289.4 486 734.2 56 14.4 980.4 50.2 66 191.6 85.2 88.8 74 45.6 140 149.8 138.2 249.6 151.6 273.8 356.8 849 686.6 974 975 1000 1000 1000 1000 1000 1000 1000 1000 1000 1000 1000 1000 1000 1000 1000
-9999 -9999 -9999 -9999 -9999 -9999 -9999 -9999 -9999 -9999 -9999 -9999 0.2 0 0 0 0 0 0 0 0 0 0 0.4 0 0.8 10.4 142.6 676 142.6 701 164.6 1.8 0 0 0.4 0.6 169 193.2 265.8 497.6 624.4 787.4 849.2 991.4 67.6 884.6 994.4 146.6 110.2 994.6 992.2 931.6 133.2 103.6 427.6 235.8 310.6 240.6 304.6 794.6 999.6 950.2 564.8 996.6 1000 1000 1000 1000 1000 1000 1000 1000 1000 1000 1000 1000 1000 1000 1000
-9999 -9999 -9999 -9999 -9999 -9999 -9999 -9999 -9999 -9999 -9999 -9999 0 0.6 0 0.2 0 0 0 0 0 0 0 0.2 0.2 1.8 61 130.6 164.6 183.6 253 719.2 140 0 0.4 0.2 0.2 0 947 8.6 961.8 730.4 837.8 848.8 998.8 108.6 999.6 1000 932.4 980 866.8 904.2 121.2 124 60 993.8 997.2 697.6 700 290.6 961.4 1000 1000 739.2 972.8 1000 1000 1000 1000 1000 1000 1000 1000 1000 1000 1000 1000 1000 1000 1000
-9999 -9999 -9999 -9999 -9999 -9999 -9999 -9999 -9999 -9999 -9999 -9999 0 0 0.6 0.2 0 0 0 0 0 869.4 0 0 0 1.4 4 6 9.2 23 167.6 685.6 184.4 7.2 0 0 0 3.6 927.4 988.4 975.4 30.4 776.8 1000 1000 1000 811.6 816.4 1000 1000 1000 1000 1000 941.2 279.8 326.2 999.6 963.4 879.2 932.4 1000 1000 950 998.4 1000 1000 1000 1000 1000 1000 1000 1000 1000 1000 1000 1000 1000 1000 1000 1000
-9999 -9999 -9999 -9999 -9999 -9999 -9999 -9999 -9999 -9999 -9999 0 50.6 0 0 0 0 0 0 39 0 0 0 0 0 0 0.2 0.2 0.2 3 6.4 155 732.2 112 0.8 0 0 1 1.6 4.8 983.8 49.2 37.8 551.2 1000 1000 1000 1000 1000 1000 1000 1000 1000 1000 664.2 999.2 1000 981.6 1000 1000 1000 1000 1000 1000 999.4 1000 1000 1000 1000 1000 1000 1000 1000 1000 1000 1000 1000 1000 1000 1000
-9999 -9999 -9999 -9999 -9999 -9999 -9999 -9999 -9999 -9999 -9999 0 0 0 0 0 0 0 0 0 0 0 0 0 0 0 0 0.4 4 6 8.6 127.4 520 889.6 3.4 0 0 0 9.2 43.8 916.8 286.2 14.6 545 960 811.8 1000 1000 1000 1000 1000 1000 1000 1000 1000 1000 1000 1000 1000 1000 1000 1000 1000 1000 1000 999.8 1000 1000 1000 1000 1000 1000 1000 1000 1000 1000 1000 1000 1000 1000
-9999 -9999 -9999 -9999 -9999 -9999 -9999 -9999 -9999 -9999 -9999 0 0 0 0 0 442 0 0 0 0 0 0.2 0.2 0.2 0.2 0.2 5.2 0.4 6.8 135.8 151.4 140 191.4 398.4 8.2 3.4 0.6 0.2 31.8 0 134.6 110.4 941.2 988.6 901 1000 1000 1000 1000 1000 1000 1000 1000 1000 1000 1000 1000 1000 1000 1000 1000 1000 1000 1000 1000 1000 1000 1000 1000 1000 1000 1000 1000 1000 1000 1000 1000 1000 1000
-9999 -9999 -9999 -9999 -9999 -9999 -9999 -9999 -9999 -9999 0 0 0 0 0 0 0 0 0 0 0 0 0 0 0 0.2 0 40.8 5.6 6.8 102.8 183.8 187.4 608 264.4 185.4 96.6 191.8 78.8 25.4 18 27.8 6 100.4 5.2 966.4 988.4 1000 1000 1000 1000 1000 1000 1000 1000 1000 1000 1000 1000 1000 1000 1000 1000 1000 1000 1000 1000 1000 1000 1000 1000 1000 1000 1000 1000 1000 1000 1000 1000 996.8
-9999 -9999 -9999 -9999 -9999 -9999 -9999 -9999 -9999 -9999 0 0 0 0 0 0 0 0 0 0 0 0 0 0 0 0 0 1.2 78 47.8 67.2 127.4 198.4 998.8 681.4 218.8 93.6 231.8 19.8 1.4 764.8 23 12.2 13.8 574.4 11.6 240.8 1000 1000 1000 1000 1000 1000 1000 1000 1000 1000 1000 1000 1000 1000 1000 1000 1000 1000 1000 1000 1000 1000 1000 1000 1000 1000 1000 1000 1000 1000 1000 999.6 996
-9999 -9999 -9999 -9999 -9999 -9999 -9999 -9999 -9999 -9999 0 0 0 0 0 0 0 0 0 0 0 0 0 0 0 0 0 0 0 6 1.8 27 107.4 996.4 200.2 182.4 223.2 192.8 692.8 212 103.8 630.6 22 40 724.6 236.6 964.8 902.6 1000 1000 1000 1000 1000 1000 1000 1000 1000 1000 1000 1000 1000 1000 1000 1000 1000 1000 1000 1000 1000 1000 1000 1000 1000 1000 1000 1000 1000 1000 1000 999.2
-9999 -9999 -9999 -9999 -9999 -9999 -9999 -9999 -9999 -9999 0 0.4 0 0 0 0 0 0 0 0 0 0 0 0 0 0 0 0.2 0.6 2 0 0 0.2 170.8 138 145.8 459 483.8 732.4 27.8 838.2 317.6 29.2 234.4 512.2 966 984.6 203 682 1000 1000 1000 1000 1000 1000 1000 1000 1000 1000 1000 1000 1000 1000 1000 1000 1000 1000 1000 1000 1000 1000 1000 1000 1000 1000 1000 1000 1000 1000 999.8
-9999 -9999 -9999 -9999 -9999 -9999 -9999 -9999 -9999 0 0 0 0 0 0 0 0 0 0 0 0 0 0 0 0 0 0 0 2.6 0 1 1 3.2 1.8 15.4 82.4 171.8 248.8 990.8 973.8 378.8 432 520.8 955 999.8 755.4 1000 242 593.8 1000 1000 1000 1000 1000 1000 1000 1000 1000 1000 1000 1000 1000 1000 1000 1000 1000 1000 1000 1000 1000 1000 1000 1000 1000 1000 1000 1000 1000 1000 1000
-9999 -9999 -9999 -9999 -9999 -9999 -9999 -9999 -9999 0 0 0 0 0 0 0 0 0 0 0 0 0 0 0 0 0 0 0 0 0 0 0 0.4 11 13.8 84.6 170.2 206.2 660.4 405 974.4 513 999.2 1000 891 1000 1000 658 527.4 978.8 1000 1000 1000 1000 1000 1000 1000 1000 1000 1000 1000 1000 1000 1000 1000 1000 1000 1000 1000 1000 1000 1000 1000 1000 1000 1000 1000 1000 1000 1000
-9999 -9999 -9999 -9999 -9999 -9999 -9999 -9999 -9999 0 0 0 0 556.4 0 0 0 0 0 0 0 0 0 0 0 0 0 0 0 0 771.2 854.6 0 0 0 1.2 11 224.2 200.6 224.6 981.4 414.6 478.4 789 928.6 1000 1000 1000 623 424.2 1000 1000 1000 1000 1000 1000 1000 1000 1000 1000 1000 1000 1000 1000 1000 1000 1000 1000 1000 1000 1000 1000 1000 1000 1000 1000 1000 1000 1000 1000
-9999 -9999 -9999 -9999 -9999 -9999 -9999 -9999 -9999 0 0 0 0 0 0 904.4 0 0 0 0 0 0 0 0 0 0 0 0 0.2 0 812.4 0 0 0 9.2 50.8 3.6 27.8 65.2 614 1000 993.2 999.6 1000 1000 1000 1000 1000 1000 828.8 388.4 699 1000 691.8 1000 1000 1000 1000 1000 1000 1000 1000 1000 1000 1000 1000 998.4 1000 1000 1000 1000 1000 1000 1000 1000 1000 1000 1000 1000 1000
-9999 -9999 -9999 -9999 -9999 -9999 -9999 -9999 -9999 0 0 0 0 0 0 0 937.4 931.2 0 0 0.4 0 0 0 0 0 0 0 0 0 0 0 2.2 0.2 2.2 88.4 31.8 158.6 172.4 651.8 978.2 1000 998.6 998.6 1000 1000 1000 1000 1000 1000 1000 1000 1000 1000 1000 1000 1000 1000 1000 1000 1000 1000 1000 1000 946.6 998.2 998.6 1000 1000 1000 1000 1000 1000 1000 1000 1000 1000 1000 1000 1000
-9999 -9999 -9999 -9999 -9999 -9999 -9999 -9999 -9999 0 0 0 448.4 0 0 0 0 0 0 0 0 0 0 0 0 0 0 0 0 0 0 0 0 0 0.8 3.6 29.2 163.4 996.8 966.8 994.6 1000 1000 998.8 1000 1000 1000 1000 1000 1000 1000 1000 1000 1000 1000 1000 1000 1000 1000 1000 1000 1000 1000 1000 1000 1000 1000 1000 1000 1000 1000 1000 1000 1000 1000 1000 1000 1000 1000 1000
-9999 -9999 -9999 -9999 -9999 -9999 -9999 -9999 -9999 0 0 0 0 0 0 0 0 0 0 0 0 0 0 0 0 0 0 825.6 871.8 830.8 0 0 0 0 0 0 0.6 101.4 999.6 930.8 977.6 1000 1000 1000 1000 1000 1000 1000 1000 1000 1000 1000 1000 1000 1000 1000 1000 1000 1000 1000 1000 1000 1000 1000 1000 1000 1000 1000 1000 1000 1000 1000 1000 1000 1000 1000 1000 1000 1000 1000
-9999 -9999 -9999 -9999 -9999 -9999 -9999 -9999 0 624.6 0 0 0 0 0 0 492.8 960 920.4 0 0 0 0 0 0 0 0.2 0.2 0 0.2 0.6 0 1.4 7.6 1 2 0.2 43.2 140.2 269.2 232 293.6 1000 1000 1000 1000 1000 1000 1000 1000 1000 1000 1000 1000 1000 1000 1000 1000 1000 1000 1000 1000 1000 1000 1000 1000 1000 1000 1000 1000 1000 1000 1000 1000 1000 1000 1000 1000 1000 1000
-9999 -9999 -9999 -9999 -9999 -9999 -9999 -9999 0.2 0 0 0 0 0 0 0 0 0 0 0 0 0 0 0 0 0 0.2 0 0 0 0 2 5.2 59.8 22 10.4 3 916.8 849.2 884.6 354.8 1000 1000 999.2 1000 1000 1000 1000 1000 1000 1000 1000 1000 1000 1000 1000 1000 1000 1000 1000 1000 1000 1000 1000 1000 1000 1000 1000 1000 1000 1000 1000 1000 1000 1000 1000 1000 1000 1000 1000
-9999 -9999 -9999 -9999 -9999 -9999 -9999 -9999 0 0 1.8 0 0 0 0 0 0 0 0 0 0 0 0 0 0 0 0 0 0 0 0 863.2 0 55.2 46.4 53.4 13.8 87.4 87.2 104 159.6 135.2 218.4 338.4 1000 1000 1000 1000 1000 1000 1000 1000 1000 1000 1000 1000 1000 1000 1000 1000 1000 1000 1000 1000 1000 1000 1000 1000 1000 1000 1000 1000 1000 1000 1000 1000 1000 1000 1000 1000
-9999 -9999 -9999 -9999 -9999 -9999 -9999 -9999 0 0 997.2 478.4 0 993.8 4 0 0 0 0 0 0 0 0 0 0 0 0 0.2 0 0 0.2 1 0 0.2 24.6 188.4 112.6 44.2 113.2 456.8 233.6 235.4 224.2 275.8 909.6 1000 1000 1000 1000 1000 1000 1000 1000 1000 1000 1000 1000 1000 1000 1000 1000 1000 1000 1000 1000 1000 1000 1000 1000 1000 1000 1000 1000 1000 1000 1000 1000 1000 1000 1000
-9999 -9999 -9999 -9999 -9999 -9999 -9999 -9999 1.2 0 0 0 0 0 0 0 0 0 0 0 0 0 0 0 0 0 0 0 0 0.6 0.2 0.4 36.4 14.8 52 345.6 962.4 212.2 217 202.6 225 998.2 1000 293.8 417.8 1000 1000 1000 1000 1000 1000 1000 1000 1000 1000 1000 1000 1000 1000 1000 1000 1000 1000 1000 1000 1000 1000 1000 1000 1000 1000 1000 1000 1000 1000 1000 1000 1000 1000 1000
-9999 -9999 -9999 -9999 -9999 -9999 -9999 -9999 1 0 0 0.2 0 0 0.2 0 0 0 0 927.6 0 0 539 0 0 0 0 0.2 0 0.6 0.2 0 0.4 0.4 49.6 976 999.6 999.2 942.4 1000 997.8 1000 1000 1000 950.2 971 1000 1000 1000 1000 1000 1000 1000 1000 1000 1000 1000 1000 1000 1000 1000 1000 1000 1000 1000 1000 1000 1000 1000 1000 1000 1000 1000 1000 1000 1000 1000 1000 1000 1000
