results/niche_models/rf_avg.asc
NCOLS 720 
NROWS 960 
XLLCORNER -60 
YLLCORNER -40 
CELLSIZE 0.0416666666666667 
NODATA_value -9999 
[rows 468 to 503 of 960, columns 320 to 399 of 720]
1000 997.4 999.8 1000 1000 998 1000 1000 1000 1000 1000 1000 1000 1000 1000 999.8 1000 1000 532.6 108.6 5 5 5.4 8.4 28.2 18 44.2 13.6 16.2 61.4 47.8 16.4 46 45 25.6 163.4 121.6 141 63.2 105.2 899 75.2 78.8 59.8 74.2 75.4 550.4 251.8 201.8 85.6 60.2 106.2 80.8 41.4 76 216.2 997.8 999.4 999.2 1000 982.8 740.6 72.8 5.4 60.4 29.8 19.2 72.8 32.6 121 349.8 998.2 1000 1000 1000 1000 1000 1000 30.4 8.2
999.6 999 990.2 1000 1000 1000 1000 1000 1000 1000 1000 1000 1000 1000 1000 1000 1000 997 736.2 99.4 1.8 8.2 18.2 27.4 25.4 30.4 40.6 18.2 47.6 45.8 25.4 10 47 39.8 30.6 565.6 194 74.4 148.6 146.6 192.8 89.8 126.8 60.8 466.8 113.4 512.4 523 587.2 88.6 54.2 119.8 124.8 122.6 158.8 906.8 1000 1000 1000 1000 999 439.8 294.6 128.6 19.8 6.8 23.2 6 190.4 906.6 997 1000 1000 1000 1000 1000 1000 647.6 14.2 678.2
1000 999 998.4 1000 1000 1000 1000 1000 1000 1000 1000 999.6 1000 1000 1000 1000 1000 904.6 339.4 4.8 3.2 12.2 8.6 17.2 22.6 23.8 21.4 33.6 83 13.8 27.2 45.8 38.6 62.4 109 68.6 48.8 363.6 386 353.2 67.6 154.6 86.8 61.6 60.4 998.2 999.2 138.8 654.2 890.8 77.8 111.4 111.4 912.2 103 155.2 611.4 1000 1000 1000 1000 1000 198.2 210.4 209.2 9.8 926.8 859.4 546.2 777.2 999.2 995 1000 1000 1000 1000 1000 449.2 23.2 181
1000 1000 999.2 1000 1000 1000 1000 1000 1000 1000 1000 1000 999.8 1000 1000 999.8 1000 848 975 20.8 14 13 23.2 20 20 20.2 20.4 12.4 7.4 17.8 23.4 432 34 52.8 42 139.8 128.8 149.6 394.8 48.2 45.4 92.6 114.6 156 204.2 148 346 1000 150.6 98.2 314.6 36 423 990.8 898.8 117 195.4 998.4 1000 1000 1000 1000 412.4 132.4 219.4 313.8 277 626.2 1000 1000 1000 1000 1000 1000 1000 1000 1000 52.2 223.6 1000
999.4 1000 999.8 1000 1000 1000 1000 1000 1000 1000 1000 1000 1000 1000 1000 1000 1000 999.4 994.8 1.8 2.8 3.4 6.8 4.8 13.8 9.4 8.8 16.2 10 19.6 50 199.8 31.4 51.4 356.4 604.8 633.6 51.4 71.8 70 388.2 37.8 137.6 111 1000 1000 1000 1000 998 546 117.6 57.8 36 99 86.4 1000 1000 1000 1000 1000 1000 1000 304.6 1000 648.8 111.8 135.4 776.8 1000 1000 1000 1000 1000 1000 1000 1000 1000 1000 999.8 1000
1000 1000 1000 1000 1000 1000 1000 1000 1000 1000 998.6 1000 1000 1000 1000 1000 1000 1000 112.8 6 11.6 13.8 14.8 17.2 4 13 17.2 4.2 19.8 8.2 143.6 34.2 71.2 46.4 89.4 179 92.8 80.8 138.6 404.4 446.4 158.4 69.6 118.4 190.4 986.6 997.6 334.4 997.4 519.4 615.8 69.6 452.6 480.2 76.8 652 349.6 1000 1000 1000 1000 1000 1000 305.2 620 888.4 1000 936.8 985 1000 1000 1000 1000 1000 1000 1000 1000 1000 1000 1000
1000 1000 1000 1000 1000 1000 1000 1000 1000 1000 1000 1000 999.6 193.6 329.8 999.8 999.6 100.2 4.6 19.8 8.6 14.6 11 10.4 14 13.8 25 12.8 7 9.4 22.4 39 32.8 22.4 110.4 95.4 93.8 69.8 141.4 94 109 234.4 107 171.8 124.4 48.6 570.6 136 207.2 297 145.4 129 636.6 56.2 98.8 103 121 1000 1000 1000 1000 999.8 1000 245.6 239 294.2 212 121.6 567.6 1000 1000 1000 1000 1000 1000 1000 1000 999.8 1000 1000
1000 1000 1000 1000 1000 1000 1000 1000 1000 1000 1000 999 605 390.2 238 27.8 4.8 8.6 16.2 10.4 7.6 12.2 7.2 9.2 12.2 10.4 23.4 23.4 3.6 19.2 26 106.4 33.6 36.6 97.8 97.2 103.6 58.4 119.6 143.8 485.6 18.6 19.2 34 74.2 73.8 141 612.6 821.4 260.8 229.6 809.6 617.6 611.4 161.6 121 122.8 286 999.8 1000 1000 1000 1000 164.6 35.8 44.4 99.2 683.6 1000 1000 1000 1000 1000 1000 1000 1000 1000 1000 1000 997.8
1000 1000 1000 1000 1000 1000 1000 1000 1000 1000 1000 1000 922.4 112.6 52.4 18 34.6 13.8 9.2 9.2 9.2 13 18.8 16.2 12.2 10.4 11 12.6 4.2 4.4 68.4 22.2 64.6 86 513.4 92.4 85.2 44.6 107.2 99.6 75 31.4 20.4 39 62 427.2 873.4 283.6 994 225.6 978.8 1000 1000 965.2 258 572.4 623.4 1000 1000 1000 1000 1000 1000 82.6 59.2 23.8 39 178.4 1000 1000 1000 1000 1000 1000 1000 1000 998.8 1000 1000 1000
1000 1000 1000 1000 1000 1000 1000 1000 1000 1000 1000 1000 999.6 57.8 10.4 9.2 6.8 23 18 7.6 11.6 17 7.6 11 9.8 8.6 20.8 22.8 12.2 17.4 4.2 65.4 237.4 213.2 274 286.8 588.6 102.2 419.8 539.2 87.8 43.4 25.8 27 79.2 39.6 53.4 196.2 1000 1000 999.6 1000 1000 533.6 312.8 365.8 997.4 1000 1000 1000 998.4 996.6 331 166.2 261.2 213.6 209.8 384 610.8 1000 1000 1000 1000 1000 1000 1000 1000 1000 1000 1000
1000 1000 1000 1000 1000 988 597.8 999.2 1000 1000 999.4 990.2 94.8 162.6 60.2 23 18 15.4 18 7.2 11.6 6 17 14.6 7.6 7.6 8.2 5.2 2.2 5.6 54.4 60.2 260.8 255.4 611.4 244 99.4 89.4 198 157.6 92 103.8 21.6 29 584 464.2 99 457.6 1000 1000 1000 1000 1000 1000 977.8 108.2 289.8 997.6 995.6 575.2 631.4 997.6 1000 875.8 756.6 1000 1000 1000 1000 1000 1000 1000 1000 1000 1000 1000 1000 1000 1000 1000
1000 1000 1000 1000 999.4 504.4 573.4 976.6 999.8 1000 161 59.2 135.4 32.4 36.6 34.6 26.6 37.8 29.2 20.8 16.2 16.2 11.6 12.2 4.2 9.8 8.2 5.2 1 18.6 58.4 98.8 498.4 804.4 611.6 284.2 142.4 482 422.4 105.8 65 54.4 24.8 78 91.8 88.6 78.8 502.2 799.2 1000 1000 1000 1000 1000 323.2 214.4 265.2 126.8 140.8 229.4 606.6 996.4 1000 1000 1000 1000 1000 1000 1000 1000 1000 1000 1000 1000 1000 1000 1000 1000 1000 1000
1000 1000 1000 1000 1000 775.2 454.4 972.8 999.8 29.2 51.8 98.8 97.2 40.4 30.4 12.2 43.2 48 25.4 25.4 26.6 29.2 22 8.2 13.8 12.2 1 2.8 10.4 12.2 38.8 119.2 485.8 279.2 249.8 177.6 155.6 479 801 258.8 80.4 64.2 24.8 31.8 86.6 571.2 102.2 95.6 89.4 458.2 995.2 1000 998.8 999.4 993 999.4 721.6 147 160.6 803.4 195.4 696 1000 1000 1000 1000 1000 1000 1000 1000 1000 1000 1000 1000 1000 1000 1000 1000 1000 1000
1000 1000 1000 1000 1000 1000 683 933.6 1000 54.4 309.6 130.6 129.4 85.6 57.6 43.2 38.6 33.2 57.2 53.4 29.2 18 18.8 18 14.6 2.2 4 6.8 37.8 31.8 81 70.2 349.4 500.8 212.4 202.4 181.4 844 851.8 127.8 82.6 64 23.4 26.4 55.6 99 770.2 82.4 511.8 983.8 992.6 1000 1000 1000 995.6 732.8 365.2 173.6 171.6 199.8 1000 1000 1000 1000 1000 1000 1000 1000 1000 1000 1000 1000 1000 1000 1000 1000 1000 1000 1000 1000
1000 1000 1000 999.8 997.8 313.4 622.6 590.4 27.4 24.4 47.2 314.6 139.6 105.4 38.4 27.4 31.2 11 17 27.8 29.2 20.8 23 14.6 3.2 9.2 7.2 3.4 32 32.4 87.2 362 381.6 636.2 641.6 215.6 213 634.6 867.8 831.4 107 74.4 23.6 16.4 67 68.2 260.6 244.2 942.6 987.6 997 1000 1000 999.6 1000 1000 1000 1000 1000 1000 1000 1000 1000 1000 1000 1000 1000 1000 1000 1000 1000 1000 1000 1000 1000 1000 1000 1000 1000 1000
1000 1000 1000 1000 631 38.4 37.2 7.4 67.6 91.8 56.6 271.4 42 52.6 17.2 37.2 19.2 10.4 6.4 8.2 8.2 15.4 13.8 7.6 13 3.2 10.4 20.8 36.2 42.8 96 500.8 464 363.4 367.2 584 199.8 345.4 980.4 310 100 115.6 10.8 45.4 57.4 96 343.8 991.4 1000 1000 1000 1000 1000 1000 1000 1000 1000 1000 310.4 174.4 681.6 1000 1000 1000 1000 1000 1000 1000 1000 1000 1000 1000 1000 1000 1000 1000 1000 1000 1000 1000
1000 1000 1000 1000 1000 1000 343.8 6.6 12.6 25 44.6 71.6 78.4 35 33 26.2 13.2 15.4 6.4 6 6.8 26.6 27.8 8.6 8.6 1.8 10.4 138.4 47.2 79 785.8 745.6 471.6 461.6 404.2 374.4 218.8 477.6 477.4 222 202.4 78.6 58 91.2 100.2 109.4 118.2 463.4 986.2 1000 1000 1000 1000 1000 1000 1000 1000 1000 1000 1000 707.8 999.8 1000 1000 1000 1000 1000 1000 1000 1000 1000 1000 1000 1000 1000 1000 1000 1000 1000 1000
1000 1000 1000 1000 1000 1000 1000 62 18.8 28.2 14.6 17.6 15.6 24 20.4 72.8 11.6 1.8 1.6 2.4 3 9.8 23 13.8 13 1.2 42.2 39.4 89.8 673.8 112.6 494.2 496.2 476.6 363 380.2 793.8 459.8 240.4 203.8 106.4 75 81.6 191 288.2 565.6 356.4 996.8 1000 1000 1000 1000 1000 1000 1000 1000 1000 1000 1000 1000 1000 1000 1000 1000 1000 1000 1000 1000 1000 1000 1000 1000 1000 1000 1000 1000 1000 1000 1000 1000
1000 1000 1000 1000 1000 1000 1000 88.6 93.8 45 19.4 7.2 7.2 9.8 20.2 10.4 55.8 27.4 7.6 5.6 2.4 6.4 20.8 347.6 98.2 1.6 76 37.4 90.2 300.6 335.4 805.8 787.8 907.2 347.8 397.8 145 842 268 130 97.2 641.2 551 162.2 340.6 150.2 471 568.2 1000 1000 1000 1000 1000 1000 1000 1000 999.8 1000 1000 1000 1000 999.8 1000 1000 1000 1000 1000 1000 1000 1000 1000 1000 1000 1000 1000 1000 1000 1000 1000 1000
1000 1000 1000 1000 1000 347.4 548.4 83.8 302.4 26 15.4 20.2 7.2 5.4 5.6 10.4 8.8 12.4 14 56.8 32.8 11.6 42 24.6 61 11 15.4 20 115.6 760 740.8 816 631.2 970.6 450.2 694 396.6 452.6 841 264.4 250 95.4 101.8 422.6 538 999.4 434.8 1000 1000 1000 1000 1000 1000 1000 1000 1000 999.8 1000 1000 1000 1000 1000 1000 1000 1000 1000 1000 1000 1000 1000 1000 1000 1000 1000 1000 1000 1000 1000 1000 1000
1000 1000 1000 1000 1000 946.4 97.6 73.8 48 27.8 5.8 7.4 6 2.4 3.6 6.6 6 6.4 21 67.6 9.2 11.2 172 21 16 296.4 58 20.6 728.6 946.6 772.8 882.4 996.4 976.2 428.6 660 590.2 567 871.6 252.8 240 286 161.8 999.6 998.2 1000 991.2 567 769.6 1000 1000 1000 1000 1000 1000 1000 1000 1000 1000 1000 1000 1000 1000 1000 1000 1000 1000 1000 1000 1000 1000 1000 1000 1000 1000 1000 1000 1000 1000 1000
1000 1000 1000 1000 1000 1000 1000 70.8 62.8 47 10 24.4 35.4 5 6.8 3 2.2 59.8 18.2 8.2 68.8 40.2 30.8 28.4 92.4 670.4 285.8 338.8 360 387.2 439.8 455.6 990.2 493.2 405.2 930.4 1000 373.6 467.2 284.2 220 456.8 257.2 990 999.6 1000 1000 1000 1000 1000 999.4 1000 1000 1000 1000 1000 1000 1000 1000 1000 1000 1000 1000 1000 1000 1000 1000 1000 1000 1000 1000 1000 1000 1000 1000 1000 1000 1000 1000 1000
1000 1000 1000 1000 1000 1000 1000 243.6 579.4 78.6 16.2 11.6 5.8 3.6 8.2 2.2 1.6 6 1000 14.8 7.4 10.8 29.6 32.8 57.2 45 66.2 329 274.4 323.4 311 445 976 941.2 998.6 999.8 1000 967.6 470 827.4 288.2 976.4 972.2 530.6 575.8 995 1000 1000 1000 1000 999.8 1000 1000 1000 1000 1000 1000 1000 1000 1000 1000 1000 1000 1000 1000 1000 1000 1000 1000 1000 1000 1000 1000 1000 1000 1000 1000 1000 1000 1000
287.4 998.6 1000 1000 1000 1000 1000 757.8 234.4 55.2 15.2 6 12.8 6 5 12.4 24.2 724 999.8 12.8 25 25.4 48.6 60.4 101.6 618.6 269 50.8 58.4 328.8 303.6 428.2 983.8 999.8 997.2 1000 1000 732 827.4 824.8 998 1000 995 999 998.8 1000 1000 1000 1000 1000 997.2 999.8 1000 1000 1000 1000 1000 1000 1000 1000 1000 1000 1000 1000 1000 1000 1000 1000 1000 1000 1000 1000 1000 1000 1000 1000 1000 1000 1000 1000
193.2 947.6 1000 1000 1000 1000 1000 1000 999.6 886.6 309 46 10.4 11.4 13.6 19.8 46.2 999.8 999.8 11.2 37.2 21.6 30.4 40.6 282.2 34.2 45.4 41 50.8 70 79.8 365.8 423.8 958.8 999.8 997.8 364.2 940.4 610 503 1000 1000 1000 1000 1000 1000 1000 1000 1000 999.6 997.2 999.8 999.4 1000 1000 1000 1000 1000 1000 1000 1000 1000 1000 1000 1000 1000 1000 1000 1000 1000 1000 1000 1000 1000 1000 1000 1000 1000 1000 1000
200 175.2 182 170.2 198.4 1000 1000 1000 1000 1000 301.8 503.2 928 255 6.4 11.8 47.8 1000 1000 86.2 709 670.6 247.6 295 39 220.8 43.2 42.6 46 50 58.2 354.8 851.4 997.6 999.8 995.2 998.2 1000 1000 998.8 1000 1000 1000 995.2 1000 1000 1000 1000 1000 1000 1000 1000 1000 1000 1000 1000 1000 1000 1000 1000 1000 1000 1000 1000 1000 1000 1000 1000 1000 1000 1000 1000 1000 1000 1000 1000 1000 1000 1000 1000
618 177.2 191.8 304 13.8 16.2 1000 1000 1000 1000 1000 1000 1000 1000 589 22.6 66.4 999 1000 1000 831.2 323.8 20.8 31.6 32.4 722.8 39.2 46.2 54 70.2 257.6 574.4 176.2 876.8 954.4 922.4 1000 1000 1000 1000 1000 1000 1000 999.2 1000 1000 1000 1000 1000 999.8 1000 1000 1000 1000 1000 1000 1000 1000 1000 1000 1000 1000 1000 1000 1000 1000 1000 1000 1000 1000 1000 1000 1000 1000 1000 1000 1000 1000 1000 1000
999 951 163.2 116.4 53.2 13.8 3.4 716.8 994.8 999.4 999.4 1000 1000 998.6 1000 997.8 985.4 999.8 1000 1000 753.8 676.6 43.2 255.2 334.2 772 276.6 40.2 47.4 44.6 128.6 302 100 345.8 611 997.4 999.8 1000 1000 1000 1000 1000 1000 1000 1000 1000 1000 1000 1000 1000 1000 1000 1000 1000 1000 1000 1000 1000 1000 1000 1000 1000 1000 1000 1000 1000 1000 1000 1000 1000 1000 1000 1000 1000 1000 1000 1000 1000 1000 1000
139.6 63.4 77.4 1000 673.4 49.6 0.4 18 993.2 999.8 767.8 776.2 989.2 936 998.8 1000 991.6 802.2 961.6 988.8 988.8 692.6 693 555.4 771 762.8 203 56 39.4 46.6 42.8 72.8 98 667 961 968.4 1000 999.8 1000 1000 997.8 998.4 1000 1000 1000 1000 1000 1000 1000 1000 1000 1000 1000 1000 1000 1000 1000 1000 1000 1000 1000 1000 1000 1000 1000 1000 1000 1000 1000 1000 1000 1000 1000 1000 1000 1000 1000 1000 1000 1000
654.6 328.8 33.2 1000 1000 998.6 6.8 0.8 0.8 591.2 971.6 983 765.8 752.8 972.4 983.2 992.6 957 942.2 1000 1000 974.2 696.2 754.6 69 22 21.2 32.4 26.6 38.8 549.8 42.2 110.6 411.4 991.4 996.8 1000 999.2 1000 997 840 991.4 1000 1000 1000 1000 1000 1000 1000 1000 1000 1000 1000 1000 1000 1000 1000 1000 1000 1000 1000 1000 1000 1000 1000 1000 1000 1000 1000 1000 1000 1000 1000 1000 1000 1000 1000 1000 1000 1000
996.4 440.2 10.6 22.4 947.4 14 9.6 2.4 2.2 1.6 9.6 984.2 972.2 990.8 989.4 11.4 670.2 737.4 714.2 369.6 967 997.2 709 757.4 57.4 265.2 32.6 341.2 36.8 39.6 44.4 109.4 102.2 561 998.4 999.6 1000 1000 997.6 950.4 981.4 1000 1000 1000 1000 1000 1000 1000 1000 1000 1000 1000 1000 1000 1000 1000 1000 1000 1000 1000 1000 1000 1000 1000 1000 1000 1000 1000 1000 1000 1000 1000 1000 1000 1000 1000 1000 1000 1000 1000
1000 1000 38.6 41.6 21.2 2.4 5.4 10.6 6.4 75.6 520 864.4 996.4 956.4 998 97.2 16.6 9.6 12 13.8 72.6 1000 997.4 576 85.4 18 20.4 28 20.6 22.6 26.2 94.6 270 936.6 991.6 1000 909.4 954.8 948 999.4 1000 1000 1000 1000 1000 1000 1000 1000 1000 1000 1000 1000 1000 1000 1000 1000 1000 1000 1000 1000 1000 1000 1000 1000 1000 1000 1000 1000 1000 1000 1000 1000 1000 1000 1000 1000 1000 1000 1000 1000
1000 1000 945.6 999.6 974.2 1000 996.4 999.4 987 990.4 981.6 769.2 758.6 989.4 987.2 1000 999.8 998.4 969 121.2 24.8 1000 1000 855 737.4 59.2 25.4 24.6 20.2 28.2 22.6 18.8 28 26.6 251 119.2 76.2 84 167.6 1000 1000 1000 1000 1000 1000 1000 1000 1000 1000 1000 1000 1000 1000 1000 1000 1000 1000 1000 1000 1000 1000 1000 1000 1000 1000 1000 1000 1000 1000 1000 1000 1000 1000 1000 1000 1000 999.8 1000 1000 1000
1000 1000 1000 1000 992.6 991.4 109 1000 1000 89.6 16.2 1000 1000 1000 731.4 997.6 1000 1000 864.6 77 88 1000 1000 988.6 988.8 622.4 29.8 85.6 319.8 19.4 14.2 17.2 248 45 29.6 174.8 40.2 31.2 458.4 1000 1000 1000 1000 1000 1000 1000 1000 1000 1000 1000 1000 1000 1000 1000 1000 1000 1000 1000 1000 1000 1000 1000 1000 1000 1000 1000 1000 1000 1000 1000 1000 1000 1000 1000 1000 1000 1000 1000 1000 998.8
996.8 1000 1000 1000 1000 605.6 37.2 973.6 1000 1000 922.8 6 687.8 696 1000 1000 139.2 33.2 15.8 19.2 82.6 820.4 1000 1000 1000 628.6 139 30.6 53.2 66.4 11.8 13.8 7.2 8.6 27.8 40.2 32.2 38.2 723 982.6 998.6 1000 1000 1000 1000 1000 1000 1000 1000 1000 1000 1000 1000 1000 1000 1000 1000 1000 1000 1000 1000 1000 1000 1000 1000 1000 1000 1000 1000 1000 1000 1000 1000 1000 1000 1000 1000 1000 1000 1000
975.2 878.6 999.8 1000 1000 1000 859.8 999.6 999 73.8 19.4 49.6 6.4 990.8 983.4 937.8 736.8 5.6 16.2 299.8 82 916.4 998.4 1000 1000 286.8 13.8 115.4 49.8 48.8 13.4 28.8 5.4 3.2 57.8 17.8 83.4 925.6 996.4 998.2 974.8 1000 1000 1000 1000 1000 1000 1000 1000 1000 1000 1000 1000 1000 1000 1000 1000 1000 1000 1000 1000 1000 1000 1000 1000 1000 1000 1000 1000 1000 1000 1000 1000 1000 1000 1000 1000 1000 1000 1000
