results/niche_models/rf_avg.asc
NCOLS 720 
NROWS 960 
XLLCORNER -60 
YLLCORNER -40 
CELLSIZE 0.0416666666666667 
NODATA_value -9999 
[rows 504 to 539 of 960, columns 240 to 319 of 720]
-9999 -9999 0 0 0 0 0 0 0 0 0 0 0 0 0 0 0 0 2.8 0 0 0 0 1000 0 0 0 0 0 0 0 0 0 0.2 2.2 0.2 970.6 75.6 147.2 1 2.6 53.8 54.8 1.2 0.2 0.6 0.2 0 65 0.6 0 0.6 0 3.2 2 702 975.8 953.2 102 989.2 1000 1000 1000 1000 1000 1000 1000 974 998.8 1000 1000 1000 1000 1000 1000 1000 1000 1000 999.6 999.6
-9999 -9999 0 0 0 0 0 0 0 0 972.8 0 0 0 0 0 0 0 0 0 0 0 0 0 0 0 0 0 0 0 0 0 0 0 2.2 27.2 60.2 199 95.2 1000 243.8 31.4 12.6 0.4 0.2 0 0 0 0 1.4 0 1.2 0 0.4 3.2 737.4 17.4 2 0 0 4.8 281 1000 176.6 966.4 995.4 1000 975.6 995 1000 1000 1000 1000 1000 1000 1000 1000 1000 1000 1000
-9999 -9999 0 0 0 0 0 0 0 0 0 0 0 0 0 0 0 0 0 0 0 0 0 0 0 0 0 0 0 0 0 0.2 0 0.8 0.6 3.6 41 91 2.2 2 1.4 0 0.6 0.2 0.2 19.2 0 0 0 0 2.2 0 0 0 0 673.8 0 31.6 692.8 0 0.2 989.6 997.6 63 49.6 135.8 1000 972.2 974.8 996.4 1000 1000 1000 1000 999.8 1000 1000 1000 1000 1000
-9999 -9999 0 0 0 0 0 0 0 1 0 0 0 0 0 563.8 0 0 0 0 0 0 0 0 0 0 0 0 0 0 0 0 0 0.2 0.6 1.8 0.2 138.4 0.6 0.4 0.2 1.4 0.2 0 1 999.8 51.4 0 0 0.2 993.2 0 0 0 0 0 0 0 0 894.2 985 999 18.8 980.6 218.8 360 1000 998.2 1000 999.8 1000 1000 1000 998.2 999.2 1000 1000 1000 1000 1000
-9999 -9999 0 0 0 0 0 992.4 0 0 0 0 0 1.2 0 0 0 0 0 0 0 0 0 0 0 0 0 0 0 0 0 0 0 0.2 0 5.8 51 8.2 0.8 1 9.2 1 1 0.2 0 23.2 3.6 0.2 1.4 4.8 2.2 0 0 0 0 0 0 0 0 890.6 850.6 877.4 0 0 887.2 1000 1000 1000 1000 1000 1000 1000 999.8 1000 1000 1000 1000 1000 1000 1000
-9999 -9999 0 0 0 0 0 959.2 0 0 0 0 0 0 0 0 0 0 0 0 0 0 0 0 0 945.2 0 0 0 0 0.2 0.4 0.2 0.2 0 3 0.2 9.4 8.6 7.8 1 0.6 0.2 0 0 0 1.4 0 1.2 54.8 158.8 0 0 0 0 0 0 0 0 404.8 0 0 0 71.4 987.8 1000 1000 1000 1000 1000 1000 1000 1000 1000 1000 1000 1000 1000 1000 1000
-9999 -9999 0 466.8 0 0 0 0 6.2 0 0 0 0 0 0 0 0 0 0 0 0 0 0 0 0 0 0 0 0 14.6 0 0.2 0 0 0 69.2 12.2 3.2 16 16.2 2.2 1 0 0 0 0.4 0.2 0 0 8.2 799.4 517.8 0 8.6 8.2 4.6 0 176.4 0 0 795.6 0 0.2 170.2 746.6 996.8 1000 999.8 999.8 1000 233.8 999.4 999.8 1000 1000 1000 415.6 1000 1000 999.6
-9999 0 0 0 0 0 0 0 0 0 0 0 0 0 0 0 0 0 0 0 0 0 0 0 0 0 0 0 0 0 0 0 0 0 0 2.2 2 1.8 5.6 0.2 0.4 1 6.6 7.2 0 0 2.8 0 7.2 0.6 0.4 146.6 195.8 313.8 1000 0.8 0 3.4 0 929.6 0 0 1.6 110.4 1000 1000 1000 1000 1000 1000 995.2 1 0.4 1000 1000 999.4 16.6 962.2 536 995.4
-9999 0 0 0 484.4 0 0 0.8 0.4 0 0 0 424.4 0 0 0 8.2 0 0 0 0 0 0 0 0 0 0 0 0 0 0 0 0 0 1.8 38.2 4 16.2 14.2 3.4 9.8 3.6 18.8 0.8 1.4 0 0 0 0 976.4 0 0 30.6 12.2 234.6 0.6 39.4 919 0.4 0 0 0 0 999.6 1000 1000 1000 1000 998.8 999.6 411.6 0 0 84.4 141 25.4 37 987.6 72.8 1000
-9999 528.8 0 0 0 0 641.4 0 0 0 0 0 991.4 917 978.2 0 0 0 0 0 0 0 0 0 0 0 0 0 0 0 0 0 0 0 0 0 0.4 53.6 14 4.8 15.4 10.4 7.2 3.2 0 0 3.2 231.6 0.2 0 0 0 0 0 2.6 6.4 0 0 997 0 0 0 0 543.4 0 997.4 989.4 0 6.4 0.4 0.2 0 1.8 137.4 183.6 152.8 249 54.2 999.4 1000
-9999 0 0 0 0 0 0 0 0 0 0 0.2 0 0 0 424.8 0 0 0 0 0 0 14.4 0 0 0 0 0 0 0 0 0 993.2 0 0 0 0 0.4 0.4 8.2 4.6 3.2 0 0.4 1 0 0.4 2.6 124.2 1.4 0 0 0 0 0 3 8.2 533.8 999.2 300 901.6 0.2 0 0.2 0 388 0 0 1 0.2 10.4 0 1.8 1000 1000 1000 999.4 225.6 148.4 1000
-9999 0 0 0 0 0 0 0 0 0 0 0.2 0.2 0 0 0 0 0 0 0 0 0 0 0 0 0 0 0 0.2 1.8 1.2 0 0 0 0 0 0 4.6 1 7.2 17 4.8 0.2 2.8 1.2 998.2 998.2 0 12.2 17 998.4 0 1.6 945.2 924.4 1000 216.8 442.8 7.6 562 1 0 3.6 1.6 0 0 0 0 459 0 25.6 0.2 9.2 1000 1000 1000 964.8 5.4 92 1000
-9999 0 0 0 0 0 0 0 0 0 0 0 0 0 0 930.6 975.4 450.2 0 0 0 0 0 0 0 0 0 0 0 0 0 0 0 0 0 0 0 9.8 18 18.8 61 7.2 41.6 33.2 6.4 0 0.4 0 0 995 9.2 0 1 11.6 0 753.2 82.4 996.2 1000 1000 1000 959.8 80.4 152.6 999.6 0 0 0 2.8 0 0 0.4 131.6 992 988 999.4 1000 1000 1000 965.4
-9999 0 0 0 0 0 0 0 0 0 0 911.8 889.8 0 897.4 0 0 0 0 0 0 0 0 0 0 0 0 0 0 0 0 0 0.4 0 0.2 0 0 0 8.4 995 24.2 10.4 138.2 9.8 11.8 27.4 827 806.2 986.8 979.6 0 0 998.4 699.4 467.8 2 1000 1000 999.4 1000 1000 917.6 1000 144.6 650 166.6 1000 517.2 447 0 0 0.6 1000 993.4 955.6 1000 839.8 999.6 1000 1000
0 0 0 0 0 0 0 0 0 0 0 0 0 0 0 0 0 0 0 0 0 0 0 0 0 0 0 0 0 0 0 0 0 0 993.4 996 976.8 0 0.4 2.4 19 105 84.6 49.6 12.2 1.4 0 0 0 0 0 0 997.4 995.4 999.2 799.8 1000 1000 948.4 995.4 956 1000 1000 1000 997.4 1000 1000 866 0.6 0 0 9.2 995.2 582 159.2 948.6 1000 1000 1000 1000
0 0 0 0 0 0 0 0 0 0 0 0 0 0 0 0 0 0 0 0 0 0 0 0 0 0 876.8 891.2 990.4 951.2 2.2 0 8.4 0 996.8 995 998.2 995.2 986 0.2 13.8 180.2 203.4 170.4 33.2 0.4 105 988.6 0.2 0.8 975.8 984.2 0 0.2 999 996.4 999.8 15.4 0 919.2 75 985.6 999.8 999.8 1000 17 9.2 0 0 0.2 0 0 948.4 988.4 1000 998.4 1000 1000 1000 1000
0 0 0 0 0 0.2 0 0 0 0 0 0 0 0 0 0 0 0 0 0 0 0 0 0 0 0.2 0 0 0 0 0 0 0 0 0.6 935 995 0.2 0.2 0.2 923 74 1000 592.2 172.8 191.6 39.2 0 980.8 0.4 1 0 0 0 0 0 0 98.2 997 3.2 128.2 972.8 524.6 957 745.2 1.4 1.2 0 0.4 384.2 0.2 3 6.4 970 1000 1000 1000 1000 1000 1000
0 0 8.6 0 0 0 0 0 0 0 0 0 0 0 0 0 0 0 2.8 0 0 0 860.2 918 0 0 0 0 0 0 0 0 0 0 0 992 0.2 1.8 0.2 27.4 46 175.2 192.6 188.6 179.8 484.8 18 2.2 1.2 501 309.6 0.4 0 0.2 582.8 0 0 940.6 961.6 990.2 51 1 2.4 592.2 1000 594.4 790 1.6 1.8 3.4 530.8 15.6 6 526.6 998.4 1000 1000 1000 1000 1000
0 0 0 0 0 0 0 0 0 0 0 0 0 0 0 0 0 0 0 0 297.4 0 0 0 0 0 0 0 0 0 0 0 0 0 0 0 480.2 997.2 995 4 4 174 47.8 33.2 144.4 209.4 22 1000 1.8 11 39.2 0 20.8 974.6 0 0 0 0 0 0 0 940.4 86.8 6 222.8 993.6 233.2 11.6 3 7.6 112 999.8 1 120.6 1000 1000 994.2 1000 1000 1000
0 0 0 0 0 25.4 0 0 0 0 0 0 26.8 0.8 0 0 0 0 0 0 0 0 0 0 0 0 0 0 0 881.6 578.8 0 0 348.2 31.8 979.6 0 0.2 0.8 1.2 19.8 2.6 998.6 27.8 127.4 208.4 177.8 1000 1000 1000 1000 11 1000 175.2 1000 1 0 93.6 0 0 0 0 0.2 0.4 989.8 5.6 0 2 0.6 4.8 14.6 51.4 34.6 73.6 999.4 1000 1000 1000 1000 1000
0 0 0 0 0 0 0 0 0 0 0 0 0 0 0 0 0 0 0 0 0 0 0 0 0 0 0 0 0 0 0 1.6 999.8 997.8 997.6 0 14.4 978.8 986.4 997.4 0.4 0 0.4 33.2 258.6 996.4 1000 1000 1000 999.8 1000 936 212.4 221.2 1000 0.8 999.8 59.6 0 0 0 417.6 124.4 0 0 6.4 0.2 15.4 43.8 83 706.8 1000 992.4 44.2 83.6 1000 1000 1000 1000 1000
0 0 0 0 0 0 0 0 0 0 0 0 0 0 0 0 0 0 0 0 0 0 0 0 0 0 0 0 0 0 0 0 0 0 0 998.8 997.6 993.6 0.4 0.8 0 0.2 326.2 1000 237.4 656 998 967.6 957.2 1000 999.8 997.2 963.8 1000 1000 177 231.2 0.6 0 0 0 0 0 0 0.2 0 35.6 0 0 0.2 9.2 1000 998 14.6 3.4 226.6 1000 1000 1000 1000
0 0 0 0 0 0 0 13.4 0.2 0 0 0 0 0 0 0 0 0 447.4 0 0 0 0 0 997.4 0 0 0 0 0.2 0 0 0 1.2 1000 945.8 0.2 0.4 856.6 0.6 6.2 0.6 0 1000 1000 1000 1000 1000 1000 997 1000 1000 1000 998.4 999.8 176.8 121 7.2 121 0.2 373 0 0 0 0.2 21 30.2 0 0 0.2 883.2 988.8 9.8 59.2 63 1.8 999.6 1000 1000 1000
0 0 0 0 0 0 0 0 0 23.2 0 0 0 0 0 0 0 0 0 0 0 0 0 0 0 0 0 0 0 0 0 996.8 0 999.6 999.6 998.4 1 0 990.4 17 3.6 854.4 14.8 984.2 972.6 1000 999.8 1000 1000 1000 1000 1000 1000 1000 1000 1000 993.4 206.4 978 1000 994 0 0 0 22.8 19 0 27.2 27.6 26.4 27.8 16.2 16.8 0.2 177.2 170.2 758.8 669 1000 1000
0 0 0 0 0 0 0 38.2 0 0 44.8 0 0 0 0 0 0 0 877.4 999 999.8 777.4 0 0 0 0 0 0 0 0 0 0 0 0.2 1000 999.8 0.2 0 0 0.4 0.2 1.2 6.4 3.2 0.2 1.2 1000 1000 1000 1000 1000 1000 1000 1000 1000 1000 1000 983.8 990.4 531.2 999.6 0 0 0 0 34 460.2 0 8.6 143.4 935.8 524.4 2.8 4.8 1000 232.6 978.2 833.2 1000 1000
0 0 0 0 0 934.8 121 913.6 39.6 2.8 9.2 0 2 0 0.4 0 0 0 0 0 0 0 0 0 0 0 0 0 0 0 0 0 0 950.6 948.4 999 0 0 0 0.4 1000 465.2 1000 125.2 258 1000 194.6 999.8 1000 1000 1000 1000 1000 1000 1000 999 1000 998.2 1000 956 100.6 0 0 0.2 0 0 0 19.4 0 3.2 936.6 974.2 27.8 114.2 668 988 452.2 993.8 726.6 996
0.6 0 0 4.4 0 0 918.8 17.2 961 929.2 902.2 456.8 503.4 868.2 2.2 0 9 0 0 0 494.8 2.4 0 0 0 0 0 0 0 0 0 0 0 172.6 0 0 0 998.4 0 1000 960 633.8 1000 1000 1000 1000 1000 1000 1000 1000 1000 1000 1000 1000 1000 1000 1000 998.2 986.8 1000 1000 863.8 5.2 0.8 0 0 0 0 0.2 104.4 992.8 999.8 91.4 148.8 1000 982 502 1000 947.8 298.6
335.2 376.2 1.4 0 0 654 0.2 0.8 51.4 690.8 956.2 893.6 865.8 0 0 0 0 0 0 0 0 0 0 0 0 0 0 0 0 0 0 0 0 0 0 6.4 103.4 96 999.6 1000 1000 0.8 924 1000 802.4 1000 1000 999.8 1000 1000 1000 1000 998 1000 1000 990.2 1000 1000 997.4 183.8 9.2 6.8 4.2 0.6 0 0 0 51 663.2 997 1000 233.4 167.8 1000 312.2 985.6 1000 1000 1000 1000
3.2 6 286.2 614.6 558.2 942.8 999.6 987.4 27 959.6 936.6 0 0 0 0 0 44.6 0 0 0 0 0.4 0 0 1000 1000 392.6 0 0 0 0 0 516.2 302.2 7.6 65 235.4 679.8 125 0.4 0 0.6 0.4 389.2 1000 1000 999.6 1000 1000 1000 991.6 999.2 1000 1000 1000 1000 1000 1000 939.8 1000 210.8 157.2 9.2 5.6 30.6 7.2 586.8 936.4 1000 1000 1000 131.6 167.4 250.4 999.8 1000 1000 1000 1000 1000
42.6 76.6 7.2 936 4.2 3.2 966.2 994.6 94.6 191.8 7.6 0.6 930.4 0 0 0 0 0 0 0 475.2 999.8 0 0.6 0 0 0 0 0 0 0 0.2 0 0.2 3 4.8 134.6 425.6 985.8 194.8 0 0.6 996.4 136.2 1000 1000 1000 1000 1000 999 753.4 1000 1000 1000 1000 1000 621 999.8 962 987.2 1000 683.2 49.6 999.4 1000 1000 443.2 995.8 1000 1000 1000 268.4 497 182.6 152.2 986.8 1000 1000 1000 1000
481.6 4.6 422.6 24.6 48 1.2 368.4 168.4 980.4 46 159.4 0.2 0 0 0 0 0 404 0.4 0.2 0 0 0 0 0 0 0 0 0 0 0 0 0 0 0.6 20.8 182.6 986.8 998.8 998.2 1000 993 999.8 1 198.6 966.8 1000 1000 1000 999.8 1000 999.4 1000 1000 1000 1000 1000 7.6 67.2 153.8 965.8 953.6 745.2 129.8 998.4 109.6 9.2 726.6 995.6 999.8 998.2 984.8 305.4 139.6 862.6 961.8 1000 1000 1000 1000
0 8.6 0 0.2 74 1000 107.8 89.2 281.2 997.6 0.4 0 0 793.8 0 0 0 0 0 978.2 0 0 0.2 0 20.2 0 0 0 0.4 0.2 0 0 0 1 3.2 998.8 109.6 201.8 963 999.2 999.8 999.4 998.2 112 153.2 384.4 989.2 995.8 1000 1000 1000 1000 1000 985 959 133.6 195.8 938.2 9.2 1000 1000 975.4 213.4 71.4 47.8 96.2 152.4 989.8 17 1000 760.4 745.6 248 199 934 1000 1000 999.2 1000 1000
350.4 0 0 0.4 23.6 624.2 902 999.6 998.8 0.6 0 0.2 0.4 2.6 0.2 0 999.4 0.8 0 0 0 0.2 0.2 1000 1000 39.4 0.2 0 0 0 0 0 0 0 0.6 119.4 14.6 215.6 958.6 997 1000 1000 999.8 1000 1000 1000 1000 996 1000 1000 1000 999.8 1000 1000 1000 1000 765.8 37.8 29.2 116.4 1000 964.6 158.8 112 251.2 1000 283 107.4 109.6 154 172.8 1000 1000 236.2 987.8 955.2 1000 1000 1000 1000
999 990.4 964 997 992.6 999.8 1000 1000 146.8 0 0.2 14.2 456.4 0 0 0 0 1.2 0 0 0 0 0.4 0 0 1000 1000 0.4 0.2 0 0 0 0 0 515.6 158.8 336 980 999.4 999.4 1000 1000 1000 1000 1000 1000 1000 1000 1000 1000 1000 1000 1000 1000 927.4 163.6 146.8 34.6 81.2 1000 1000 970.8 682.8 974.8 339.2 559.2 145.2 272.6 309.4 1000 954.6 563 199.8 624.8 970.2 976.2 661 965.6 999.4 1000
0 0 0 379.2 364 30.4 0.4 3 0 0 0 0 0 0 0 0 431.4 1000 999.6 0.4 0 0 999 14.2 1000 1000 1000 1000 230.8 0.2 0 0 0.4 637.6 185.8 986.6 992.6 997.6 999.4 152.2 998 25.4 1000 1000 1000 1000 1000 1000 1000 1000 1000 1000 1000 1000 216.4 127.8 116.8 23.8 20.8 196.4 262.6 996 1000 985.4 980.6 534 999.8 337.4 950.2 995.6 962 949.2 989.2 708.8 972.2 991.2 656.2 992.4 1000 1000
0 0 0 0 0 19.8 9.2 0 0 0 0 0 0 0 0 0 956.8 1.4 0.2 0.2 313 1000 1000 999 25.4 1000 1000 112.8 3.6 0.2 0 0 0 0 0 3.6 1000 1000 1000 1000 1000 371.2 951 1000 1000 1000 1000 1000 1000 1000 1000 97 319 213.2 184.8 159.2 597 610.2 73.8 238 996 909.4 999 993.6 218 275.2 939.8 241.4 961.8 1000 993.4 969.2 991.8 965.4 1000 992.4 965.8 998.6 1000 1000
